4.000000000000000e-01
-1.000000000000000e+00 0.000000000000000e+00
-5.000000000000000e-01 0.000000000000000e+00
-4.996780096151643e-01 1.341087049204818e-04
-4.993557602444619e-01 2.682174098409635e-04
-4.990332518884525e-01 4.023261147614453e-04
-4.987104845480697e-01 5.364348196819271e-04
-4.983874582246214e-01 6.705435246024088e-04
-4.980641729197906e-01 8.046522295228906e-04
-4.977406286356360e-01 9.387609344433724e-04
-4.974168253745923e-01 1.072869639363854e-03
-4.970927631394713e-01 1.206978344284336e-03
-4.967684419334620e-01 1.341087049204818e-03
-4.964438617601317e-01 1.475195754125299e-03
-4.961190226234261e-01 1.609304459045781e-03
-4.957939245276701e-01 1.743413163966263e-03
-4.954685674775687e-01 1.877521868886745e-03
-4.951429514782070e-01 2.011630573807226e-03
-4.948170765350513e-01 2.145739278727708e-03
-4.944909426539496e-01 2.279847983648190e-03
-4.941645498411320e-01 2.413956688568672e-03
-4.938378981032113e-01 2.548065393489154e-03
-4.935109874471841e-01 2.682174098409635e-03
-4.931838178804307e-01 2.816282803330117e-03
-4.928563894107161e-01 2.950391508250599e-03
-4.925287020461906e-01 3.084500213171081e-03
-4.922007557953902e-01 3.218608918091562e-03
-4.918725506672375e-01 3.352717623012044e-03
-4.915440866710418e-01 3.486826327932526e-03
-4.912153638165004e-01 3.620935032853008e-03
-4.908863821136987e-01 3.755043737773489e-03
-4.905571415731106e-01 3.889152442693971e-03
-4.902276422055999e-01 4.023261147614453e-03
-4.898978840224201e-01 4.157369852534934e-03
-4.895678670352154e-01 4.291478557455417e-03
-4.892375912560211e-01 4.425587262375899e-03
-4.889070566972646e-01 4.559695967296380e-03
-4.885762633717654e-01 4.693804672216861e-03
-4.882452112927362e-01 4.827913377137344e-03
-4.879139004737831e-01 4.962022082057826e-03
-4.875823309289066e-01 5.096130786978307e-03
-4.872505026725020e-01 5.230239491898788e-03
-4.869184157193598e-01 5.364348196819271e-03
-4.865860700846668e-01 5.498456901739753e-03
-4.862534657840059e-01 5.632565606660234e-03
-4.859206028333578e-01 5.766674311580716e-03
-4.855874812491006e-01 5.900783016501198e-03
-4.852541010480108e-01 6.034891721421680e-03
-4.849204622472641e-01 6.169000426342161e-03
-4.845865648644355e-01 6.303109131262643e-03
-4.842524089175004e-01 6.437217836183125e-03
-4.839179944248349e-01 6.571326541103607e-03
-4.835833214052164e-01 6.705435246024088e-03
-4.832483898778244e-01 6.839543950944570e-03
-4.829131998622408e-01 6.973652655865052e-03
-4.825777513784508e-01 7.107761360785534e-03
-4.822420444468434e-01 7.241870065706015e-03
-4.819060790882118e-01 7.375978770626497e-03
-4.815698553237541e-01 7.510087475546979e-03
-4.812333731750743e-01 7.644196180467461e-03
-4.808966326641821e-01 7.778304885387942e-03
-4.805596338134941e-01 7.912413590308424e-03
-4.802223766458345e-01 8.046522295228906e-03
-4.798848611844351e-01 8.180631000149388e-03
-4.795470874529362e-01 8.314739705069869e-03
-4.792090554753874e-01 8.448848409990351e-03
-4.788707652762481e-01 8.582957114910833e-03
-4.785322168803876e-01 8.717065819831315e-03
-4.781934103130866e-01 8.851174524751797e-03
-4.778543456000369e-01 8.985283229672278e-03
-4.775150227673426e-01 9.119391934592760e-03
-4.771754418415204e-01 9.253500639513242e-03
-4.768356028495004e-01 9.387609344433723e-03
-4.764955058186264e-01 9.521718049354205e-03
-4.761551507766568e-01 9.655826754274687e-03
-4.758145377517649e-01 9.789935459195169e-03
-4.754736667725398e-01 9.924044164115652e-03
-4.751325378679870e-01 1.005815286903613e-02
-4.747911510675283e-01 1.019226157395661e-02
-4.744495064010036e-01 1.032637027887710e-02
-4.741076038986703e-01 1.046047898379758e-02
-4.737654435912046e-01 1.059458768871806e-02
-4.734230255097021e-01 1.072869639363854e-02
-4.730803496856777e-01 1.086280509855902e-02
-4.727374161510673e-01 1.099691380347951e-02
-4.723942249382274e-01 1.113102250839999e-02
-4.720507760799362e-01 1.126513121332047e-02
-4.717070696093939e-01 1.139923991824095e-02
-4.713631055602236e-01 1.153334862316143e-02
-4.710188839664719e-01 1.166745732808191e-02
-4.706744048626090e-01 1.180156603300240e-02
-4.703296682835297e-01 1.193567473792288e-02
-4.699846742645543e-01 1.206978344284336e-02
-4.696394228414282e-01 1.220389214776384e-02
-4.692939140503236e-01 1.233800085268432e-02
-4.689481479278392e-01 1.247210955760480e-02
-4.686021245110015e-01 1.260621826252529e-02
-4.682558438372649e-01 1.274032696744577e-02
-4.679093059445124e-01 1.287443567236625e-02
-4.675625108710563e-01 1.300854437728673e-02
-4.672154586556387e-01 1.314265308220721e-02
-4.668681493374323e-01 1.327676178712769e-02
-4.665205829560404e-01 1.341087049204818e-02
-4.661727595514983e-01 1.354497919696866e-02
-4.658246791642732e-01 1.367908790188914e-02
-4.654763418352652e-01 1.381319660680962e-02
-4.651277476058077e-01 1.394730531173010e-02
-4.647788965176679e-01 1.408141401665059e-02
-4.644297886130478e-01 1.421552272157107e-02
-4.640804239345843e-01 1.434963142649155e-02
-4.637308025253501e-01 1.448374013141203e-02
-4.633809244288540e-01 1.461784883633251e-02
-4.630307896890418e-01 1.475195754125299e-02
-4.626803983502967e-01 1.488606624617348e-02
-4.623297504574401e-01 1.502017495109396e-02
-4.619788460557316e-01 1.515428365601444e-02
-4.616276851908703e-01 1.528839236093492e-02
-4.612762679089951e-01 1.542250106585540e-02
-4.609245942566852e-01 1.555660977077588e-02
-4.605726642809606e-01 1.569071847569637e-02
-4.602204780292829e-01 1.582482718061685e-02
-4.598680355495559e-01 1.595893588553733e-02
-4.595153368901261e-01 1.609304459045781e-02
-4.591623820997831e-01 1.622715329537829e-02
-4.588091712277604e-01 1.636126200029878e-02
-4.584557043237361e-01 1.649537070521926e-02
-4.581019814378330e-01 1.662947941013974e-02
-4.577480026206198e-01 1.676358811506022e-02
-4.573937679231111e-01 1.689769681998070e-02
-4.570392773967686e-01 1.703180552490119e-02
-4.566845310935008e-01 1.716591422982167e-02
-4.563295290656647e-01 1.730002293474215e-02
-4.559742713660653e-01 1.743413163966263e-02
-4.556187580479568e-01 1.756824034458311e-02
-4.552629891650433e-01 1.770234904950359e-02
-4.549069647714786e-01 1.783645775442408e-02
-4.545506849218679e-01 1.797056645934456e-02
-4.541941496712673e-01 1.810467516426504e-02
-4.538373590751849e-01 1.823878386918552e-02
-4.534803131895816e-01 1.837289257410600e-02
-4.531230120708710e-01 1.850700127902648e-02
-4.527654557759208e-01 1.864110998394697e-02
-4.524076443620525e-01 1.877521868886745e-02
-4.520495778870427e-01 1.890932739378793e-02
-4.516912564091234e-01 1.904343609870841e-02
-4.513326799869825e-01 1.917754480362889e-02
-4.509738486797643e-01 1.931165350854937e-02
-4.506147625470703e-01 1.944576221346985e-02
-4.502554216489598e-01 1.957987091839034e-02
-4.498958260459502e-01 1.971397962331082e-02
-4.495359757990179e-01 1.984808832823130e-02
-4.491758709695984e-01 1.998219703315178e-02
-4.488155116195874e-01 2.011630573807226e-02
-4.484548978113412e-01 2.025041444299275e-02
-4.480940296076768e-01 2.038452314791323e-02
-4.477329070718734e-01 2.051863185283371e-02
-4.473715302676720e-01 2.065274055775419e-02
-4.470098992592766e-01 2.078684926267467e-02
-4.466480141113547e-01 2.092095796759515e-02
-4.462858748890376e-01 2.105506667251564e-02
-4.459234816579210e-01 2.118917537743612e-02
-4.455608344840659e-01 2.132328408235660e-02
-4.451979334339988e-01 2.145739278727708e-02
-4.448347785747124e-01 2.159150149219756e-02
-4.444713699736663e-01 2.172561019711805e-02
-4.441077076987873e-01 2.185971890203853e-02
-4.437437918184702e-01 2.199382760695901e-02
-4.433796224015782e-01 2.212793631187949e-02
-4.430151995174437e-01 2.226204501679997e-02
-4.426505232358683e-01 2.239615372172046e-02
-4.422855936271242e-01 2.253026242664094e-02
-4.419204107619540e-01 2.266437113156142e-02
-4.415549747115718e-01 2.279847983648190e-02
-4.411892855476633e-01 2.293258854140238e-02
-4.408233433423869e-01 2.306669724632286e-02
-4.404571481683736e-01 2.320080595124335e-02
-4.400907000987282e-01 2.333491465616383e-02
-4.397239992070295e-01 2.346902336108431e-02
-4.393570455673310e-01 2.360313206600479e-02
-4.389898392541611e-01 2.373724077092527e-02
-4.386223803425242e-01 2.387134947584576e-02
-4.382546689079011e-01 2.400545818076624e-02
-4.378867050262492e-01 2.413956688568672e-02
-4.375184887740035e-01 2.427367559060720e-02
-4.371500202280770e-01 2.440778429552768e-02
-4.367812994658609e-01 2.454189300044816e-02
-4.364123265652259e-01 2.467600170536864e-02
-4.360431016045222e-01 2.481011041028913e-02
-4.356736246625801e-01 2.494421911520961e-02
-4.353038958187105e-01 2.507832782013009e-02
-4.349339151527062e-01 2.521243652505057e-02
-4.345636827448410e-01 2.534654522997105e-02
-4.341931986758719e-01 2.548065393489153e-02
-4.338224630270381e-01 2.561476263981202e-02
-4.334514758800630e-01 2.574887134473250e-02
-4.330802373171535e-01 2.588298004965298e-02
-4.327087474210014e-01 2.601708875457346e-02
-4.323370062747835e-01 2.615119745949394e-02
-4.319650139621624e-01 2.628530616441443e-02
-4.315927705672868e-01 2.641941486933491e-02
-4.312202761747923e-01 2.655352357425539e-02
-4.308475308698018e-01 2.668763227917587e-02
-4.304745347379260e-01 2.682174098409635e-02
-4.301012878652641e-01 2.695584968901683e-02
-4.297277903384043e-01 2.708995839393732e-02
-4.293540422444241e-01 2.722406709885780e-02
-4.289800436708914e-01 2.735817580377828e-02
-4.286057947058644e-01 2.749228450869876e-02
-4.282312954378924e-01 2.762639321361924e-02
-4.278565459560166e-01 2.776050191853973e-02
-4.274815463497703e-01 2.789461062346021e-02
-4.271062967091796e-01 2.802871932838069e-02
-4.267307971247637e-01 2.816282803330117e-02
-4.263550476875359e-01 2.829693673822165e-02
-4.259790484890037e-01 2.843104544314214e-02
-4.256027996211696e-01 2.856515414806262e-02
-4.252263011765315e-01 2.869926285298310e-02
-4.248495532480832e-01 2.883337155790358e-02
-4.244725559293152e-01 2.896748026282406e-02
-4.240953093142149e-01 2.910158896774454e-02
-4.237178134972672e-01 2.923569767266503e-02
-4.233400685734555e-01 2.936980637758551e-02
-4.229620746382614e-01 2.950391508250599e-02
-4.225838317876658e-01 2.963802378742647e-02
-4.222053401181496e-01 2.977213249234695e-02
-4.218265997266937e-01 2.990624119726744e-02
-4.214476107107796e-01 3.004034990218792e-02
-4.210683731683905e-01 3.017445860710840e-02
-4.206888871980111e-01 3.030856731202888e-02
-4.203091528986287e-01 3.044267601694936e-02
-4.199291703697334e-01 3.057678472186984e-02
-4.195489397113186e-01 3.071089342679032e-02
-4.191684610238818e-01 3.084500213171081e-02
-4.187877344084249e-01 3.097911083663129e-02
-4.184067599664547e-01 3.111321954155177e-02
-4.180255377999837e-01 3.124732824647225e-02
-4.176440680115303e-01 3.138143695139273e-02
-4.172623507041195e-01 3.151554565631322e-02
-4.168803859812835e-01 3.164965436123370e-02
-4.164981739470618e-01 3.178376306615418e-02
-4.161157147060023e-01 3.191787177107466e-02
-4.157330083631613e-01 3.205198047599514e-02
-4.153500550241047e-01 3.218608918091562e-02
-4.149668547949076e-01 3.232019788583611e-02
-4.145834077821554e-01 3.245430659075658e-02
-4.141997140929445e-01 3.258841529567707e-02
-4.138157738348821e-01 3.272252400059755e-02
-4.134315871160876e-01 3.285663270551803e-02
-4.130471540451922e-01 3.299074141043851e-02
-4.126624747313403e-01 3.312485011535900e-02
-4.122775492841892e-01 3.325895882027947e-02
-4.118923778139103e-01 3.339306752519996e-02
-4.115069604311892e-01 3.352717623012044e-02
-4.111212972472261e-01 3.366128493504093e-02
-4.107353883737370e-01 3.379539363996140e-02
-4.103492339229533e-01 3.392950234488189e-02
-4.099628340076231e-01 3.406361104980237e-02
-4.095761887410109e-01 3.419771975472285e-02
-4.091892982368990e-01 3.433182845964333e-02
-4.088021626095874e-01 3.446593716456382e-02
-4.084147819738944e-01 3.460004586948429e-02
-4.080271564451573e-01 3.473415457440478e-02
-4.076392861392327e-01 3.486826327932526e-02
-4.072511711724970e-01 3.500237198424574e-02
-4.068628116618473e-01 3.513648068916622e-02
-4.064742077247012e-01 3.527058939408671e-02
-4.060853594789979e-01 3.540469809900719e-02
-4.056962670431984e-01 3.553880680392767e-02
-4.053069305362862e-01 3.567291550884815e-02
-4.049173500777675e-01 3.580702421376863e-02
-4.045275257876720e-01 3.594113291868911e-02
-4.041374577865534e-01 3.607524162360960e-02
-4.037471461954894e-01 3.620935032853008e-02
-4.033565911360830e-01 3.634345903345056e-02
-4.029657927304621e-01 3.647756773837104e-02
-4.025747511012808e-01 3.661167644329152e-02
-4.021834663717195e-01 3.674578514821200e-02
-4.017919386654852e-01 3.687989385313249e-02
-4.014001681068126e-01 3.701400255805297e-02
-4.010081548204638e-01 3.714811126297345e-02
-4.006158989317294e-01 3.728221996789393e-02
-4.002234005664290e-01 3.741632867281441e-02
-3.998306598509109e-01 3.755043737773489e-02
-3.994376769120538e-01 3.768454608265537e-02
-3.990444518772663e-01 3.781865478757586e-02
-3.986509848744876e-01 3.795276349249634e-02
-3.982572760321886e-01 3.808687219741682e-02
-3.978633254793713e-01 3.822098090233730e-02
-3.974691333455703e-01 3.835508960725779e-02
-3.970746997608529e-01 3.848919831217826e-02
-3.966800248558189e-01 3.862330701709875e-02
-3.962851087616026e-01 3.875741572201923e-02
-3.958899516098716e-01 3.889152442693971e-02
-3.954945535328288e-01 3.902563313186019e-02
-3.950989146632115e-01 3.915974183678068e-02
-3.947030351342929e-01 3.929385054170115e-02
-3.943069150798820e-01 3.942795924662164e-02
-3.939105546343244e-01 3.956206795154212e-02
-3.935139539325025e-01 3.969617665646261e-02
-3.931171131098363e-01 3.983028536138308e-02
-3.927200323022836e-01 3.996439406630357e-02
-3.923227116463403e-01 4.009850277122405e-02
-3.919251512790415e-01 4.023261147614453e-02
-3.915273513379613e-01 4.036672018106501e-02
-3.911293119612138e-01 4.050082888598550e-02
-3.907310332874530e-01 4.063493759090597e-02
-3.903325154558738e-01 4.076904629582646e-02
-3.899337586062123e-01 4.090315500074694e-02
-3.895347628787461e-01 4.103726370566742e-02
-3.891355284142947e-01 4.117137241058790e-02
-3.887360553542203e-01 4.130548111550839e-02
-3.883363438404283e-01 4.143958982042886e-02
-3.879363940153671e-01 4.157369852534935e-02
-3.875362060220292e-01 4.170780723026983e-02
-3.871357800039517e-01 4.184191593519031e-02
-3.867351161052160e-01 4.197602464011079e-02
-3.863342144704493e-01 4.211013334503128e-02
-3.859330752448241e-01 4.224424204995176e-02
-3.855316985740594e-01 4.237835075487224e-02
-3.851300846044207e-01 4.251245945979272e-02
-3.847282334827203e-01 4.264656816471320e-02
-3.843261453563185e-01 4.278067686963368e-02
-3.839238203731232e-01 4.291478557455417e-02
-3.835212586815910e-01 4.304889427947465e-02
-3.831184604307272e-01 4.318300298439513e-02
-3.827154257700865e-01 4.331711168931561e-02
-3.823121548497731e-01 4.345122039423609e-02
-3.819086478204418e-01 4.358532909915657e-02
-3.815049048332977e-01 4.371943780407705e-02
-3.811009260400972e-01 4.385354650899754e-02
-3.806967115931481e-01 4.398765521391802e-02
-3.802922616453103e-01 4.412176391883850e-02
-3.798875763499957e-01 4.425587262375898e-02
-3.794826558611697e-01 4.438998132867947e-02
-3.790775003333503e-01 4.452409003359994e-02
-3.786721099216098e-01 4.465819873852043e-02
-3.782664847815740e-01 4.479230744344091e-02
-3.778606250694239e-01 4.492641614836139e-02
-3.774545309418950e-01 4.506052485328187e-02
-3.770482025562785e-01 4.519463355820236e-02
-3.766416400704215e-01 4.532874226312283e-02
-3.762348436427271e-01 4.546285096804332e-02
-3.758278134321554e-01 4.559695967296380e-02
-3.754205495982236e-01 4.573106837788428e-02
-3.750130523010063e-01 4.586517708280476e-02
-3.746053217011364e-01 4.599928578772525e-02
-3.741973579598046e-01 4.613339449264572e-02
-3.737891612387610e-01 4.626750319756621e-02
-3.733807317003150e-01 4.640161190248669e-02
-3.729720695073353e-01 4.653572060740718e-02
-3.725631748232507e-01 4.666982931232765e-02
-3.721540478120507e-01 4.680393801724814e-02
-3.717446886382859e-01 4.693804672216862e-02
-3.713350974670676e-01 4.707215542708910e-02
-3.709252744640695e-01 4.720626413200958e-02
-3.705152197955272e-01 4.734037283693007e-02
-3.701049336282386e-01 4.747448154185054e-02
-3.696944161295651e-01 4.760859024677103e-02
-3.692836674674311e-01 4.774269895169151e-02
-3.688726878103250e-01 4.787680765661199e-02
-3.684614773272992e-01 4.801091636153247e-02
-3.680500361879709e-01 4.814502506645296e-02
-3.676383645625222e-01 4.827913377137344e-02
-3.672264626217007e-01 4.841324247629392e-02
-3.668143305368197e-01 4.854735118121440e-02
-3.664019684797587e-01 4.868145988613488e-02
-3.659893766229640e-01 4.881556859105536e-02
-3.655765551394486e-01 4.894967729597584e-02
-3.651635042027932e-01 4.908378600089633e-02
-3.647502239871462e-01 4.921789470581681e-02
-3.643367146672241e-01 4.935200341073729e-02
-3.639229764183119e-01 4.948611211565777e-02
-3.635090094162641e-01 4.962022082057825e-02
-3.630948138375038e-01 4.975432952549873e-02
-3.626803898590246e-01 4.988843823041922e-02
-3.622657376583897e-01 5.002254693533970e-02
-3.618508574137329e-01 5.015665564026018e-02
-3.614357493037593e-01 5.029076434518066e-02
-3.610204135077449e-01 5.042487305010114e-02
-3.606048502055376e-01 5.055898175502162e-02
-3.601890595775571e-01 5.069309045994211e-02
-3.597730418047960e-01 5.082719916486259e-02
-3.593567970688191e-01 5.096130786978307e-02
-3.589403255517649e-01 5.109541657470355e-02
-3.585236274363454e-01 5.122952527962404e-02
-3.581067029058463e-01 5.136363398454451e-02
-3.576895521441279e-01 5.149774268946500e-02
-3.572721753356249e-01 5.163185139438548e-02
-3.568545726653475e-01 5.176596009930596e-02
-3.564367443188810e-01 5.190006880422644e-02
-3.560186904823864e-01 5.203417750914693e-02
-3.556004113426015e-01 5.216828621406740e-02
-3.551819070868396e-01 5.230239491898789e-02
-3.547631779029920e-01 5.243650362390837e-02
-3.543442239795264e-01 5.257061232882886e-02
-3.539250455054888e-01 5.270472103374933e-02
-3.535056426705026e-01 5.283882973866982e-02
-3.530860156647700e-01 5.297293844359030e-02
-3.526661646790716e-01 5.310704714851078e-02
-3.522460899047673e-01 5.324115585343126e-02
-3.518257915337963e-01 5.337526455835175e-02
-3.514052697586774e-01 5.350937326327222e-02
-3.509845247725100e-01 5.364348196819271e-02
-3.505635567689733e-01 5.377759067311319e-02
-3.501423659423280e-01 5.391169937803367e-02
-3.497209524874155e-01 5.404580808295415e-02
-3.492993165996589e-01 5.417991678787464e-02
-3.488774584750631e-01 5.431402549279511e-02
-3.484553783102153e-01 5.444813419771560e-02
-3.480330763022851e-01 5.458224290263608e-02
-3.476105526490253e-01 5.471635160755656e-02
-3.471878075487714e-01 5.485046031247704e-02
-3.467648412004432e-01 5.498456901739752e-02
-3.463416538035436e-01 5.511867772231801e-02
-3.459182455581604e-01 5.525278642723849e-02
-3.454946166649655e-01 5.538689513215897e-02
-3.450707673252161e-01 5.552100383707945e-02
-3.446466977407543e-01 5.565511254199993e-02
-3.442224081140082e-01 5.578922124692041e-02
-3.437978986479912e-01 5.592332995184090e-02
-3.433731695463034e-01 5.605743865676138e-02
-3.429482210131314e-01 5.619154736168186e-02
-3.425230532532485e-01 5.632565606660234e-02
-3.420976664720153e-01 5.645976477152282e-02
-3.416720608753799e-01 5.659387347644330e-02
-3.412462366698783e-01 5.672798218136379e-02
-3.408201940626346e-01 5.686209088628427e-02
-3.403939332613615e-01 5.699619959120475e-02
-3.399674544743600e-01 5.713030829612523e-02
-3.395407579105209e-01 5.726441700104572e-02
-3.391138437793241e-01 5.739852570596619e-02
-3.386867122908391e-01 5.753263441088668e-02
-3.382593636557258e-01 5.766674311580716e-02
-3.378317980852341e-01 5.780085182072764e-02
-3.374040157912044e-01 5.793496052564812e-02
-3.369760169860688e-01 5.806906923056861e-02
-3.365478018828501e-01 5.820317793548908e-02
-3.361193706951624e-01 5.833728664040957e-02
-3.356907236372124e-01 5.847139534533005e-02
-3.352618609237986e-01 5.860550405025053e-02
-3.348327827703119e-01 5.873961275517101e-02
-3.344034893927359e-01 5.887372146009150e-02
-3.339739810076476e-01 5.900783016501197e-02
-3.335442578322169e-01 5.914193886993246e-02
-3.331143200842077e-01 5.927604757485294e-02
-3.326841679819776e-01 5.941015627977343e-02
-3.322538017444786e-01 5.954426498469390e-02
-3.318232215912571e-01 5.967837368961439e-02
-3.313924277424543e-01 5.981248239453487e-02
-3.309614204188064e-01 5.994659109945535e-02
-3.305301998416451e-01 6.008069980437583e-02
-3.300987662328977e-01 6.021480850929632e-02
-3.296671198150872e-01 6.034891721421679e-02
-3.292352608113333e-01 6.048302591913728e-02
-3.288031894453516e-01 6.061713462405776e-02
-3.283709059414548e-01 6.075124332897824e-02
-3.279384105245523e-01 6.088535203389872e-02
-3.275057034201512e-01 6.101946073881920e-02
-3.270727848543559e-01 6.115356944373969e-02
-3.266396550538688e-01 6.128767814866017e-02
-3.262063142459900e-01 6.142178685358065e-02
-3.257727626586184e-01 6.155589555850113e-02
-3.253390005202513e-01 6.169000426342161e-02
-3.249050280599849e-01 6.182411296834209e-02
-3.244708455075146e-01 6.195822167326258e-02
-3.240364530931351e-01 6.209233037818306e-02
-3.236018510477410e-01 6.222643908310354e-02
-3.231670396028264e-01 6.236054778802402e-02
-3.227320189904860e-01 6.249465649294450e-02
-3.222967894434147e-01 6.262876519786499e-02
-3.218613511949079e-01 6.276287390278547e-02
-3.214257044788622e-01 6.289698260770595e-02
-3.209898495297753e-01 6.303109131262644e-02
-3.205537865827463e-01 6.316520001754691e-02
-3.201175158734758e-01 6.329930872246739e-02
-3.196810376382665e-01 6.343341742738788e-02
-3.192443521140231e-01 6.356752613230836e-02
-3.188074595382528e-01 6.370163483722883e-02
-3.183703601490653e-01 6.383574354214933e-02
-3.179330541851731e-01 6.396985224706980e-02
-3.174955418858921e-01 6.410396095199028e-02
-3.170578234911410e-01 6.423806965691077e-02
-3.166198992414425e-01 6.437217836183125e-02
-3.161817693779228e-01 6.450628706675172e-02
-3.157434341423121e-01 6.464039577167222e-02
-3.153048937769451e-01 6.477450447659269e-02
-3.148661485247606e-01 6.490861318151317e-02
-3.144271986293022e-01 6.504272188643366e-02
-3.139880443347186e-01 6.517683059135414e-02
-3.135486858857631e-01 6.531093929627461e-02
-3.131091235277949e-01 6.544504800119511e-02
-3.126693575067782e-01 6.557915670611558e-02
-3.122293880692835e-01 6.571326541103606e-02
-3.117892154624868e-01 6.584737411595655e-02
-3.113488399341704e-01 6.598148282087703e-02
-3.109082617327232e-01 6.611559152579750e-02
-3.104674811071405e-01 6.624970023071799e-02
-3.100264983070242e-01 6.638380893563847e-02
-3.095853135825837e-01 6.651791764055895e-02
-3.091439271846349e-01 6.665202634547944e-02
-3.087023393646019e-01 6.678613505039992e-02
-3.082605503745156e-01 6.692024375532041e-02
-3.078185604670154e-01 6.705435246024088e-02
-3.073763698953481e-01 6.718846116516136e-02
-3.069339789133690e-01 6.732256987008185e-02
-3.064913877755417e-01 6.745667857500233e-02
-3.060485967369382e-01 6.759078727992281e-02
-3.056056060532395e-01 6.772489598484330e-02
-3.051624159807353e-01 6.785900468976377e-02
-3.047190267763247e-01 6.799311339468425e-02
-3.042754386975154e-01 6.812722209960474e-02
-3.038316520024255e-01 6.826133080452522e-02
-3.033876669497821e-01 6.839543950944570e-02
-3.029434837989223e-01 6.852954821436619e-02
-3.024991028097933e-01 6.866365691928666e-02
-3.020545242429522e-01 6.879776562420714e-02
-3.016097483595666e-01 6.893187432912763e-02
-3.011647754214148e-01 6.906598303404811e-02
-3.007196056908855e-01 6.920009173896859e-02
-3.002742394309783e-01 6.933420044388908e-02
-2.998286769053039e-01 6.946830914880955e-02
-2.993829183780838e-01 6.960241785373003e-02
-2.989369641141515e-01 6.973652655865052e-02
-2.984908143789513e-01 6.987063526357100e-02
-2.980444694385394e-01 7.000474396849148e-02
-2.975979295595840e-01 7.013885267341197e-02
-2.971511950093648e-01 7.027296137833244e-02
-2.967042660557740e-01 7.040707008325292e-02
-2.962571429673159e-01 7.054117878817341e-02
-2.958098260131071e-01 7.067528749309389e-02
-2.953623154628767e-01 7.080939619801438e-02
-2.949146115869667e-01 7.094350490293486e-02
-2.944667146563317e-01 7.107761360785533e-02
-2.940186249425394e-01 7.121172231277582e-02
-2.935703427177702e-01 7.134583101769630e-02
-2.931218682548184e-01 7.147993972261678e-02
-2.926732018270910e-01 7.161404842753727e-02
-2.922243437086092e-01 7.174815713245775e-02
-2.917752941740069e-01 7.188226583737822e-02
-2.913260534985324e-01 7.201637454229871e-02
-2.908766219580478e-01 7.215048324721919e-02
-2.904269998290292e-01 7.228459195213967e-02
-2.899771873885663e-01 7.241870065706016e-02
-2.895271849143637e-01 7.255280936198064e-02
-2.890769926847402e-01 7.268691806690111e-02
-2.886266109786288e-01 7.282102677182160e-02
-2.881760400755774e-01 7.295513547674208e-02
-2.877252802557483e-01 7.308924418166256e-02
-2.872743317999186e-01 7.322335288658305e-02
-2.868231949894808e-01 7.335746159150353e-02
-2.863718701064419e-01 7.349157029642400e-02
-2.859203574334241e-01 7.362567900134449e-02
-2.854686572536652e-01 7.375978770626497e-02
-2.850167698510178e-01 7.389389641118545e-02
-2.845646955099501e-01 7.402800511610594e-02
-2.841124345155460e-01 7.416211382102642e-02
-2.836599871535050e-01 7.429622252594689e-02
-2.832073537101421e-01 7.443033123086738e-02
-2.827545344723880e-01 7.456443993578786e-02
-2.823015297277897e-01 7.469854864070834e-02
-2.818483397645098e-01 7.483265734562883e-02
-2.813949648713272e-01 7.496676605054930e-02
-2.809414053376368e-01 7.510087475546978e-02
-2.804876614534497e-01 7.523498346039027e-02
-2.800337335093933e-01 7.536909216531075e-02
-2.795796217967116e-01 7.550320087023124e-02
-2.791253266072646e-01 7.563730957515172e-02
-2.786708482335291e-01 7.577141828007219e-02
-2.782161869685985e-01 7.590552698499269e-02
-2.777613431061829e-01 7.603963568991316e-02
-2.773063169406090e-01 7.617374439483364e-02
-2.768511087668201e-01 7.630785309975413e-02
-2.763957188803767e-01 7.644196180467461e-02
-2.759401475774561e-01 7.657607050959508e-02
-2.754843951548522e-01 7.671017921451558e-02
-2.750284619099768e-01 7.684428791943605e-02
-2.745723481408578e-01 7.697839662435653e-02
-2.741160541461405e-01 7.711250532927702e-02
-2.736595802250880e-01 7.724661403419750e-02
-2.732029266775797e-01 7.738072273911797e-02
-2.727460938041129e-01 7.751483144403847e-02
-2.722890819058019e-01 7.764894014895894e-02
-2.718318912843785e-01 7.778304885387942e-02
-2.713745222421918e-01 7.791715755879991e-02
-2.709169750822085e-01 7.805126626372039e-02
-2.704592501080125e-01 7.818537496864086e-02
-2.700013476238052e-01 7.831948367356135e-02
-2.695432679344060e-01 7.845359237848183e-02
-2.690850113452511e-01 7.858770108340231e-02
-2.686265781623951e-01 7.872180978832280e-02
-2.681679686925095e-01 7.885591849324328e-02
-2.677091832428838e-01 7.899002719816375e-02
-2.672502221214251e-01 7.912413590308424e-02
-2.667910856366581e-01 7.925824460800472e-02
-2.663317740977251e-01 7.939235331292521e-02
-2.658722878143864e-01 7.952646201784569e-02
-2.654126270970198e-01 7.966057072276617e-02
-2.649527922566208e-01 7.979467942768666e-02
-2.644927836048027e-01 7.992878813260713e-02
-2.640326014537963e-01 8.006289683752761e-02
-2.635722461164505e-01 8.019700554244810e-02
-2.631117179062316e-01 8.033111424736858e-02
-2.626510171372239e-01 8.046522295228906e-02
-2.621901441241293e-01 8.059933165720955e-02
-2.617290991822676e-01 8.073344036213002e-02
-2.612678826275757e-01 8.086754906705050e-02
-2.608064947766093e-01 8.100165777197099e-02
-2.603449359465405e-01 8.113576647689147e-02
-2.598832064551603e-01 8.126987518181195e-02
-2.594213066208764e-01 8.140398388673244e-02
-2.589592367627146e-01 8.153809259165291e-02
-2.584969972003184e-01 8.167220129657339e-02
-2.580345882539486e-01 8.180631000149388e-02
-2.575720102444841e-01 8.194041870641436e-02
-2.571092634934206e-01 8.207452741133484e-02
-2.566463483228717e-01 8.220863611625533e-02
-2.561832650555689e-01 8.234274482117580e-02
-2.557200140148603e-01 8.247685352609628e-02
-2.552565955247120e-01 8.261096223101677e-02
-2.547930099097075e-01 8.274507093593725e-02
-2.543292574950474e-01 8.287917964085773e-02
-2.538653386065494e-01 8.301328834577822e-02
-2.534012535706492e-01 8.314739705069869e-02
-2.529370027143990e-01 8.328150575561917e-02
-2.524725863654684e-01 8.341561446053966e-02
-2.520080048521439e-01 8.354972316546014e-02
-2.515432585033296e-01 8.368383187038061e-02
-2.510783476485459e-01 8.381794057530111e-02
-2.506132726179304e-01 8.395204928022158e-02
-2.501480337422381e-01 8.408615798514207e-02
-2.496826313528398e-01 8.422026669006255e-02
-2.492170657817239e-01 8.435437539498303e-02
-2.487513373614949e-01 8.448848409990352e-02
-2.482854464253745e-01 8.462259280482400e-02
-2.478193933072002e-01 8.475670150974447e-02
-2.473531783414267e-01 8.489081021466496e-02
-2.468868018631243e-01 8.502491891958544e-02
-2.464202642079805e-01 8.515902762450592e-02
-2.459535657122983e-01 8.529313632942641e-02
-2.454867067129972e-01 8.542724503434689e-02
-2.450196875476125e-01 8.556135373926736e-02
-2.445525085542957e-01 8.569546244418785e-02
-2.440851700718140e-01 8.582957114910833e-02
-2.436176724395507e-01 8.596367985402881e-02
-2.431500159975045e-01 8.609778855894930e-02
-2.426822010862895e-01 8.623189726386978e-02
-2.422142280471359e-01 8.636600596879025e-02
-2.417460972218886e-01 8.650011467371074e-02
-2.412778089530083e-01 8.663422337863122e-02
-2.408093635835706e-01 8.676833208355170e-02
-2.403407614572663e-01 8.690244078847219e-02
-2.398720029184010e-01 8.703654949339266e-02
-2.394030883118954e-01 8.717065819831314e-02
-2.389340179832848e-01 8.730476690323363e-02
-2.384647922787190e-01 8.743887560815411e-02
-2.379954115449623e-01 8.757298431307459e-02
-2.375258761293937e-01 8.770709301799508e-02
-2.370561863800060e-01 8.784120172291555e-02
-2.365863426454062e-01 8.797531042783605e-02
-2.361163452748157e-01 8.810941913275652e-02
-2.356461946180692e-01 8.824352783767700e-02
-2.351758910256155e-01 8.837763654259749e-02
-2.347054348485166e-01 8.851174524751797e-02
-2.342348264384485e-01 8.864585395243844e-02
-2.337640661476997e-01 8.877996265735894e-02
-2.332931543291730e-01 8.891407136227941e-02
-2.328220913363830e-01 8.904818006719989e-02
-2.323508775234577e-01 8.918228877212038e-02
-2.318795132451382e-01 8.931639747704086e-02
-2.314079988567774e-01 8.945050618196133e-02
-2.309363347143409e-01 8.958461488688182e-02
-2.304645211744070e-01 8.971872359180230e-02
-2.299925585941654e-01 8.985283229672278e-02
-2.295204473314180e-01 8.998694100164327e-02
-2.290481877445784e-01 9.012104970656375e-02
-2.285757801926718e-01 9.025515841148422e-02
-2.281032250353350e-01 9.038926711640471e-02
-2.276305226328157e-01 9.052337582132519e-02
-2.271576733459730e-01 9.065748452624567e-02
-2.266846775362766e-01 9.079159323116616e-02
-2.262115355658069e-01 9.092570193608664e-02
-2.257382477972550e-01 9.105981064100711e-02
-2.252648145939225e-01 9.119391934592760e-02
-2.247912363197210e-01 9.132802805084808e-02
-2.243175133391716e-01 9.146213675576856e-02
-2.238436460174058e-01 9.159624546068905e-02
-2.233696347201644e-01 9.173035416560953e-02
-2.228954798137976e-01 9.186446287053000e-02
-2.224211816652646e-01 9.199857157545049e-02
-2.219467406421343e-01 9.213268028037097e-02
-2.214721571125836e-01 9.226678898529145e-02
-2.209974314453980e-01 9.240089769021194e-02
-2.205225640099717e-01 9.253500639513242e-02
-2.200475551763069e-01 9.266911510005291e-02
-2.195724053150138e-01 9.280322380497338e-02
-2.190971147973101e-01 9.293733250989386e-02
-2.186216839950213e-01 9.307144121481435e-02
-2.181461132805798e-01 9.320554991973483e-02
-2.176704030270256e-01 9.333965862465531e-02
-2.171945536080048e-01 9.347376732957580e-02
-2.167185653977708e-01 9.360787603449627e-02
-2.162424387711828e-01 9.374198473941675e-02
-2.157661741037065e-01 9.387609344433724e-02
-2.152897717714132e-01 9.401020214925772e-02
-2.148132321509802e-01 9.414431085417820e-02
-2.143365556196896e-01 9.427841955909869e-02
-2.138597425554297e-01 9.441252826401916e-02
-2.133827933366925e-01 9.454663696893964e-02
-2.129057083425755e-01 9.468074567386013e-02
-2.124284879527806e-01 9.481485437878061e-02
-2.119511325476133e-01 9.494896308370109e-02
-2.114736425079835e-01 9.508307178862158e-02
-2.109960182154046e-01 9.521718049354205e-02
-2.105182600519934e-01 9.535128919846253e-02
-2.100403684004695e-01 9.548539790338302e-02
-2.095623436441561e-01 9.561950660830350e-02
-2.090841861669785e-01 9.575361531322397e-02
-2.086058963534640e-01 9.588772401814447e-02
-2.081274745887426e-01 9.602183272306494e-02
-2.076489212585459e-01 9.615594142798542e-02
-2.071702367492067e-01 9.629005013290591e-02
-2.066914214476592e-01 9.642415883782639e-02
-2.062124757414382e-01 9.655826754274688e-02
-2.057334000186799e-01 9.669237624766736e-02
-2.052541946681199e-01 9.682648495258783e-02
-2.047748600790946e-01 9.696059365750832e-02
-2.042953966415399e-01 9.709470236242880e-02
-2.038158047459910e-01 9.722881106734928e-02
-2.033360847835823e-01 9.736291977226977e-02
-2.028562371460474e-01 9.749702847719025e-02
-2.023762622257180e-01 9.763113718211072e-02
-2.018961604155244e-01 9.776524588703121e-02
-2.014159321089944e-01 9.789935459195169e-02
-2.009355777002541e-01 9.803346329687217e-02
-2.004550975840260e-01 9.816757200179266e-02
-1.999744921556308e-01 9.830168070671313e-02
-1.994937618109844e-01 9.843578941163361e-02
-1.990129069466007e-01 9.856989811655410e-02
-1.985319279595881e-01 9.870400682147458e-02
-1.980508252476517e-01 9.883811552639506e-02
-1.975695992090913e-01 9.897222423131555e-02
-1.970882502428021e-01 9.910633293623602e-02
-1.966067787482744e-01 9.924044164115650e-02
-1.961251851255918e-01 9.937455034607699e-02
-1.956434697754330e-01 9.950865905099747e-02
-1.951616330990695e-01 9.964276775591795e-02
-1.946796754983668e-01 9.977687646083844e-02
-1.941975973757830e-01 9.991098516575891e-02
-1.937153991343690e-01 1.000450938706794e-01
-1.932330811777678e-01 1.001792025755999e-01
-1.927506439102148e-01 1.003133112805204e-01
-1.922680877365361e-01 1.004474199854408e-01
-1.917854130621496e-01 1.005815286903613e-01
-1.913026202930643e-01 1.007156373952818e-01
-1.908197098358788e-01 1.008497461002023e-01
-1.903366820977827e-01 1.009838548051228e-01
-1.898535374865546e-01 1.011179635100432e-01
-1.893702764105628e-01 1.012520722149637e-01
-1.888868992787648e-01 1.013861809198842e-01
-1.884034065007062e-01 1.015202896248047e-01
-1.879197984865212e-01 1.016543983297252e-01
-1.874360756469317e-01 1.017885070346457e-01
-1.869522383932468e-01 1.019226157395661e-01
-1.864682871373631e-01 1.020567244444866e-01
-1.859842222917634e-01 1.021908331494071e-01
-1.855000442695174e-01 1.023249418543276e-01
-1.850157534842796e-01 1.024590505592481e-01
-1.845313503502911e-01 1.025931592641686e-01
-1.840468352823774e-01 1.027272679690890e-01
-1.835622086959487e-01 1.028613766740095e-01
-1.830774710069998e-01 1.029954853789300e-01
-1.825926226321089e-01 1.031295940838505e-01
-1.821076639884378e-01 1.032637027887710e-01
-1.816225954937314e-01 1.033978114936914e-01
-1.811374175663170e-01 1.035319201986119e-01
-1.806521306251040e-01 1.036660289035324e-01
-1.801667350895840e-01 1.038001376084529e-01
-1.796812313798291e-01 1.039342463133734e-01
-1.791956199164930e-01 1.040683550182939e-01
-1.787099011208099e-01 1.042024637232143e-01
-1.782240754145931e-01 1.043365724281348e-01
-1.777381432202363e-01 1.044706811330553e-01
-1.772521049607122e-01 1.046047898379758e-01
-1.767659610595719e-01 1.047388985428963e-01
-1.762797119409449e-01 1.048730072478167e-01
-1.757933580295387e-01 1.050071159527372e-01
-1.753068997506378e-01 1.051412246576577e-01
-1.748203375301036e-01 1.052753333625782e-01
-1.743336717943742e-01 1.054094420674987e-01
-1.738469029704633e-01 1.055435507724192e-01
-1.733600314859605e-01 1.056776594773396e-01
-1.728730577690301e-01 1.058117681822601e-01
-1.723859822484111e-01 1.059458768871806e-01
-1.718988053534166e-01 1.060799855921011e-01
-1.714115275139336e-01 1.062140942970216e-01
-1.709241491604216e-01 1.063482030019420e-01
-1.704366707239136e-01 1.064823117068625e-01
-1.699490926360138e-01 1.066164204117830e-01
-1.694614153288991e-01 1.067505291167035e-01
-1.689736392353169e-01 1.068846378216240e-01
-1.684857647885858e-01 1.070187465265444e-01
-1.679977924225941e-01 1.071528552314649e-01
-1.675097225718007e-01 1.072869639363854e-01
-1.670215556712331e-01 1.074210726413059e-01
-1.665332921564873e-01 1.075551813462264e-01
-1.660449324637283e-01 1.076892900511469e-01
-1.655564770296883e-01 1.078233987560673e-01
-1.650679262916671e-01 1.079575074609878e-01
-1.645792806875306e-01 1.080916161659083e-01
-1.640905406557118e-01 1.082257248708288e-01
-1.636017066352085e-01 1.083598335757493e-01
-1.631127790655845e-01 1.084939422806697e-01
-1.626237583869675e-01 1.086280509855902e-01
-1.621346450400497e-01 1.087621596905107e-01
-1.616454394660869e-01 1.088962683954312e-01
-1.611561421068979e-01 1.090303771003517e-01
-1.606667534048639e-01 1.091644858052722e-01
-1.601772738029284e-01 1.092985945101926e-01
-1.596877037445962e-01 1.094327032151131e-01
-1.591980436739330e-01 1.095668119200336e-01
-1.587082940355646e-01 1.097009206249541e-01
-1.582184552746775e-01 1.098350293298746e-01
-1.577285278370162e-01 1.099691380347950e-01
-1.572385121688852e-01 1.101032467397155e-01
-1.567484087171463e-01 1.102373554446360e-01
-1.562582179292194e-01 1.103714641495565e-01
-1.557679402530810e-01 1.105055728544770e-01
-1.552775761372642e-01 1.106396815593975e-01
-1.547871260308588e-01 1.107737902643179e-01
-1.542965903835087e-01 1.109078989692384e-01
-1.538059696454138e-01 1.110420076741589e-01
-1.533152642673272e-01 1.111761163790794e-01
-1.528244747005560e-01 1.113102250839999e-01
-1.523336013969607e-01 1.114443337889204e-01
-1.518426448089539e-01 1.115784424938408e-01
-1.513516053895002e-01 1.117125511987613e-01
-1.508604835921152e-01 1.118466599036818e-01
-1.503692798708660e-01 1.119807686086023e-01
-1.498779946803688e-01 1.121148773135228e-01
-1.493866284757901e-01 1.122489860184432e-01
-1.488951817128452e-01 1.123830947233637e-01
-1.484036548477971e-01 1.125172034282842e-01
-1.479120483374576e-01 1.126513121332047e-01
-1.474203626391843e-01 1.127854208381252e-01
-1.469285982108824e-01 1.129195295430456e-01
-1.464367555110026e-01 1.130536382479661e-01
-1.459448349985408e-01 1.131877469528866e-01
-1.454528371330377e-01 1.133218556578071e-01
-1.449607623745776e-01 1.134559643627276e-01
-1.444686111837890e-01 1.135900730676481e-01
-1.439763840218426e-01 1.137241817725685e-01
-1.434840813504512e-01 1.138582904774890e-01
-1.429917036318693e-01 1.139923991824095e-01
-1.424992513288924e-01 1.141265078873300e-01
-1.420067249048562e-01 1.142606165922505e-01
-1.415141248236360e-01 1.143947252971709e-01
-1.410214515496458e-01 1.145288340020914e-01
-1.405287055478385e-01 1.146629427070119e-01
-1.400358872837040e-01 1.147970514119324e-01
-1.395429972232698e-01 1.149311601168529e-01
-1.390500358330990e-01 1.150652688217734e-01
-1.385570035802914e-01 1.151993775266938e-01
-1.380639009324813e-01 1.153334862316143e-01
-1.375707283578373e-01 1.154675949365348e-01
-1.370774863250619e-01 1.156017036414553e-01
-1.365841753033907e-01 1.157358123463758e-01
-1.360907957625916e-01 1.158699210512962e-01
-1.355973481729641e-01 1.160040297562167e-01
-1.351038330053391e-01 1.161381384611372e-01
-1.346102507310776e-01 1.162722471660577e-01
-1.341166018220699e-01 1.164063558709782e-01
-1.336228867507360e-01 1.165404645758987e-01
-1.331291059900237e-01 1.166745732808191e-01
-1.326352600134089e-01 1.168086819857396e-01
-1.321413492948935e-01 1.169427906906601e-01
-1.316473743090069e-01 1.170768993955806e-01
-1.311533355308030e-01 1.172110081005011e-01
-1.306592334358609e-01 1.173451168054215e-01
-1.301650685002840e-01 1.174792255103420e-01
-1.296708412006984e-01 1.176133342152625e-01
-1.291765520142539e-01 1.177474429201830e-01
-1.286822014186215e-01 1.178815516251035e-01
-1.281877898919939e-01 1.180156603300239e-01
-1.276933179130839e-01 1.181497690349444e-01
-1.271987859611248e-01 1.182838777398649e-01
-1.267041945158687e-01 1.184179864447854e-01
-1.262095440575857e-01 1.185520951497059e-01
-1.257148350670642e-01 1.186862038546264e-01
-1.252200680256089e-01 1.188203125595469e-01
-1.247252434150413e-01 1.189544212644673e-01
-1.242303617176979e-01 1.190885299693878e-01
-1.237354234164301e-01 1.192226386743083e-01
-1.232404289946030e-01 1.193567473792288e-01
-1.227453789360955e-01 1.194908560841492e-01
-1.222502737252986e-01 1.196249647890697e-01
-1.217551138471148e-01 1.197590734939902e-01
-1.212598997869580e-01 1.198931821989107e-01
-1.207646320307518e-01 1.200272909038312e-01
-1.202693110649298e-01 1.201613996087517e-01
-1.197739373764342e-01 1.202955083136721e-01
-1.192785114527144e-01 1.204296170185926e-01
-1.187830337817281e-01 1.205637257235131e-01
-1.182875048519386e-01 1.206978344284336e-01
-1.177919251523150e-01 1.208319431333541e-01
-1.172962951723309e-01 1.209660518382746e-01
-1.168006154019648e-01 1.211001605431950e-01
-1.163048863316976e-01 1.212342692481155e-01
-1.158091084525131e-01 1.213683779530360e-01
-1.153132822558966e-01 1.215024866579565e-01
-1.148174082338345e-01 1.216365953628770e-01
-1.143214868788135e-01 1.217707040677974e-01
-1.138255186838192e-01 1.219048127727179e-01
-1.133295041423355e-01 1.220389214776384e-01
-1.128334437483449e-01 1.221730301825589e-01
-1.123373379963258e-01 1.223071388874794e-01
-1.118411873812533e-01 1.224412475923999e-01
-1.113449923985980e-01 1.225753562973203e-01
-1.108487535443243e-01 1.227094650022408e-01
-1.103524713148908e-01 1.228435737071613e-01
-1.098561462072484e-01 1.229776824120818e-01
-1.093597787188409e-01 1.231117911170023e-01
-1.088633693476025e-01 1.232458998219227e-01
-1.083669185919578e-01 1.233800085268432e-01
-1.078704269508214e-01 1.235141172317637e-01
-1.073738949235968e-01 1.236482259366842e-01
-1.068773230101741e-01 1.237823346416047e-01
-1.063807117109320e-01 1.239164433465252e-01
-1.058840615267344e-01 1.240505520514456e-01
-1.053873729589308e-01 1.241846607563661e-01
-1.048906465093554e-01 1.243187694612866e-01
-1.043938826803257e-01 1.244528781662071e-01
-1.038970819746421e-01 1.245869868711276e-01
-1.034002448955875e-01 1.247210955760480e-01
-1.029033719469250e-01 1.248552042809685e-01
-1.024064636328985e-01 1.249893129858890e-01
-1.019095204582312e-01 1.251234216908095e-01
-1.014125429281246e-01 1.252575303957300e-01
-1.009155315482577e-01 1.253916391006505e-01
-1.004184868247873e-01 1.255257478055709e-01
-9.992140926434456e-02 1.256598565104914e-01
-9.942429937403680e-02 1.257939652154119e-01
-9.892715766144472e-02 1.259280739203324e-01
-9.842998463462249e-02 1.260621826252529e-01
-9.793278080209733e-02 1.261962913301733e-01
-9.743554667286691e-02 1.263304000350938e-01
-9.693828275640015e-02 1.264645087400143e-01
-9.644098956263530e-02 1.265986174449348e-01
-9.594366760197948e-02 1.267327261498553e-01
-9.544631738530762e-02 1.268668348547758e-01
-9.494893942396221e-02 1.270009435596962e-01
-9.445153422975083e-02 1.271350522646167e-01
-9.395410231494733e-02 1.272691609695372e-01
-9.345664419228883e-02 1.274032696744577e-01
-9.295916037497665e-02 1.275373783793781e-01
-9.246165137667378e-02 1.276714870842987e-01
-9.196411771150526e-02 1.278055957892191e-01
-9.146655989405655e-02 1.279397044941396e-01
-9.096897843937279e-02 1.280738131990601e-01
-9.047137386295789e-02 1.282079219039806e-01
-8.997374668077351e-02 1.283420306089010e-01
-8.947609740923812e-02 1.284761393138215e-01
-8.897842656522659e-02 1.286102480187420e-01
-8.848073466606832e-02 1.287443567236625e-01
-8.798302222954674e-02 1.288784654285830e-01
-8.748528977389891e-02 1.290125741335034e-01
-8.698753781781315e-02 1.291466828384240e-01
-8.648976688043053e-02 1.292807915433444e-01
-8.599197748134046e-02 1.294149002482649e-01
-8.549417014058364e-02 1.295490089531854e-01
-8.499634537864775e-02 1.296831176581059e-01
-8.449850371646794e-02 1.298172263630263e-01
-8.400064567542687e-02 1.299513350679468e-01
-8.350277177735155e-02 1.300854437728673e-01
-8.300488254451394e-02 1.302195524777878e-01
-8.250697849962946e-02 1.303536611827083e-01
-8.200906016585641e-02 1.304877698876288e-01
-8.151112806679472e-02 1.306218785925492e-01
-8.101318272648378e-02 1.307559872974697e-01
-8.051522466940397e-02 1.308900960023902e-01
-8.001725442047386e-02 1.310242047073107e-01
-7.951927250504953e-02 1.311583134122312e-01
-7.902127944892362e-02 1.312924221171516e-01
-7.852327577832507e-02 1.314265308220721e-01
-7.802526201991644e-02 1.315606395269926e-01
-7.752723870079525e-02 1.316947482319131e-01
-7.702920634849036e-02 1.318288569368336e-01
-7.653116549096362e-02 1.319629656417541e-01
-7.603311665660639e-02 1.320970743466745e-01
-7.553506037424063e-02 1.322311830515950e-01
-7.503699717311602e-02 1.323652917565155e-01
-7.453892758291070e-02 1.324994004614360e-01
-7.404085213372874e-02 1.326335091663565e-01
-7.354277135610043e-02 1.327676178712769e-01
-7.304468578098033e-02 1.329017265761974e-01
-7.254659593974633e-02 1.330358352811179e-01
-7.204850236419896e-02 1.331699439860384e-01
-7.155040558656089e-02 1.333040526909589e-01
-7.105230613947400e-02 1.334381613958794e-01
-7.055420455600075e-02 1.335722701007998e-01
-7.005610136962115e-02 1.337063788057203e-01
-6.955799711423277e-02 1.338404875106408e-01
-6.905989232414989e-02 1.339745962155613e-01
-6.905989232414989e-02 1.000000000000000e+00
0.000000000000000e+00 1.000000000000000e+00
1.336673791580605e-04 9.994994994994995e-01
2.677366309539041e-04 9.989989989989990e-01
4.022088292834076e-04 9.984984984984985e-01
5.370850507304090e-04 9.979979979979980e-01
6.723663745723057e-04 9.974974974974975e-01
8.080538827852035e-04 9.969969969969970e-01
9.441486600493681e-04 9.964964964964965e-01
1.080651793754671e-03 9.959959959959960e-01
1.217564374005738e-03 9.954954954954955e-01
1.354887493627547e-03 9.949949949949950e-01
1.492622248170576e-03 9.944944944944945e-01
1.630769735916242e-03 9.939939939939940e-01
1.769331057882355e-03 9.934934934934935e-01
1.908307317828253e-03 9.929929929929930e-01
2.047699622260399e-03 9.924924924924925e-01
2.187509080437518e-03 9.919919919919920e-01
2.327736804376038e-03 9.914914914914915e-01
2.468383908855528e-03 9.909909909909910e-01
2.609451511423831e-03 9.904904904904905e-01
2.750940732402652e-03 9.899899899899900e-01
2.892852694892687e-03 9.894894894894894e-01
3.035188524779050e-03 9.889889889889890e-01
3.177949350736712e-03 9.884884884884885e-01
3.321136304235606e-03 9.879879879879880e-01
3.464750519546227e-03 9.874874874874875e-01
3.608793133744728e-03 9.869869869869869e-01
3.753265286718344e-03 9.864864864864865e-01
3.898168121170827e-03 9.859859859859860e-01
4.043502782627519e-03 9.854854854854855e-01
4.189270419440952e-03 9.849849849849850e-01
4.335472182795921e-03 9.844844844844844e-01
4.482109226714904e-03 9.839839839839840e-01
4.629182708063467e-03 9.834834834834835e-01
4.776693786555332e-03 9.829829829829830e-01
4.924643624757948e-03 9.824824824824825e-01
5.073033388097564e-03 9.819819819819819e-01
5.221864244864613e-03 9.814814814814815e-01
5.371137366219098e-03 9.809809809809810e-01
5.520853926195661e-03 9.804804804804805e-01
5.671015101709108e-03 9.799799799799800e-01
5.821622072559475e-03 9.794794794794794e-01
5.972676021437385e-03 9.789789789789790e-01
6.124178133929421e-03 9.784784784784785e-01
6.276129598523148e-03 9.779779779779780e-01
6.428531606612652e-03 9.774774774774775e-01
6.581385352503539e-03 9.769769769769769e-01
6.734692033418295e-03 9.764764764764765e-01
6.888452849501627e-03 9.759759759759760e-01
7.042669003825453e-03 9.754754754754755e-01
7.197341702394416e-03 9.749749749749750e-01
7.352472154150851e-03 9.744744744744744e-01
7.508061570980128e-03 9.739739739739740e-01
7.664111167715948e-03 9.734734734734735e-01
7.820622162145312e-03 9.729729729729730e-01
7.977595775013996e-03 9.724724724724725e-01
8.135033230031506e-03 9.719719719719719e-01
8.292935753876350e-03 9.714714714714715e-01
8.451304576201333e-03 9.709709709709710e-01
8.610140929638492e-03 9.704704704704705e-01
8.769446049804510e-03 9.699699699699700e-01
8.929221175305653e-03 9.694694694694694e-01
9.089467547743006e-03 9.689689689689690e-01
9.250186411717732e-03 9.684684684684685e-01
9.411379014835939e-03 9.679679679679680e-01
9.573046607714110e-03 9.674674674674675e-01
9.735190443983941e-03 9.669669669669669e-01
9.897811780297590e-03 9.664664664664665e-01
1.006091187633283e-02 9.659659659659660e-01
1.022449199479796e-02 9.654654654654655e-01
1.038855340143709e-02 9.649649649649650e-01
1.055309736503503e-02 9.644644644644644e-01
1.071812515742241e-02 9.639639639639640e-01
1.088363805348086e-02 9.634634634634635e-01
1.104963733114782e-02 9.629629629629630e-01
1.121612427142181e-02 9.624624624624625e-01
1.138310015836724e-02 9.619619619619619e-01
1.155056627911952e-02 9.614614614614615e-01
1.171852392389016e-02 9.609609609609610e-01
1.188697438597152e-02 9.604604604604605e-01
1.205591896174206e-02 9.599599599599600e-01
1.222535895067106e-02 9.594594594594594e-01
1.239529565532371e-02 9.589589589589590e-01
1.256573038136615e-02 9.584584584584585e-01
1.273666443757011e-02 9.579579579579580e-01
1.290809913581818e-02 9.574574574574575e-01
1.308003579110845e-02 9.569569569569569e-01
1.325247572155949e-02 9.564564564564565e-01
1.342542024841535e-02 9.559559559559559e-01
1.359887069605027e-02 9.554554554554554e-01
1.377282839197356e-02 9.549549549549550e-01
1.394729466683461e-02 9.544544544544544e-01
1.412227085442748e-02 9.539539539539540e-01
1.429775829169596e-02 9.534534534534534e-01
1.447375831873815e-02 9.529529529529529e-01
1.465027227881138e-02 9.524524524524525e-01
1.482730151833705e-02 9.519519519519519e-01
1.500484738690518e-02 9.514514514514515e-01
1.518291123727945e-02 9.509509509509509e-01
1.536149442540161e-02 9.504504504504504e-01
1.554059831039641e-02 9.499499499499500e-01
1.572022425457635e-02 9.494494494494494e-01
1.590037362344612e-02 9.489489489489490e-01
1.608104778570756e-02 9.484484484484484e-01
1.626224811326410e-02 9.479479479479479e-01
1.644397598122544e-02 9.474474474474475e-01
1.662623276791239e-02 9.469469469469469e-01
1.680901985486107e-02 9.464464464464465e-01
1.699233862682795e-02 9.459459459459459e-01
1.717619047179407e-02 9.454454454454454e-01
1.736057678096971e-02 9.449449449449450e-01
1.754549894879909e-02 9.444444444444444e-01
1.773095837296459e-02 9.439439439439440e-01
1.791695645439158e-02 9.434434434434434e-01
1.810349459725259e-02 9.429429429429429e-01
1.829057420897195e-02 9.424424424424425e-01
1.847819670023032e-02 9.419419419419419e-01
1.866636348496883e-02 9.414414414414415e-01
1.885507598039386e-02 9.409409409409409e-01
1.904433560698110e-02 9.404404404404404e-01
1.923414378848003e-02 9.399399399399400e-01
1.942450195191846e-02 9.394394394394394e-01
1.961541152760649e-02 9.389389389389390e-01
1.980687394914122e-02 9.384384384384384e-01
1.999889065341067e-02 9.379379379379379e-01
2.019146308059827e-02 9.374374374374375e-01
2.038459267418712e-02 9.369369369369369e-01
2.057828088096400e-02 9.364364364364365e-01
2.077252915102389e-02 9.359359359359359e-01
2.096733893777383e-02 9.354354354354354e-01
2.116271169793722e-02 9.349349349349350e-01
2.135864889155811e-02 9.344344344344344e-01
2.155515198200493e-02 9.339339339339340e-01
2.175222243597504e-02 9.334334334334334e-01
2.194986172349836e-02 9.329329329329329e-01
2.214807131794165e-02 9.324324324324325e-01
2.234685269601261e-02 9.319319319319319e-01
2.254620733776353e-02 9.314314314314315e-01
2.274613672659570e-02 9.309309309309309e-01
2.294664234926295e-02 9.304304304304304e-01
2.314772569587576e-02 9.299299299299300e-01
2.334938825990525e-02 9.294294294294294e-01
2.355163153818676e-02 9.289289289289290e-01
2.375445703092400e-02 9.284284284284284e-01
2.395786624169263e-02 9.279279279279279e-01
2.416186067744408e-02 9.274274274274275e-01
2.436644184850952e-02 9.269269269269269e-01
2.457161126860325e-02 9.264264264264265e-01
2.477737045482676e-02 9.259259259259259e-01
2.498372092767206e-02 9.254254254254254e-01
2.519066421102555e-02 9.249249249249250e-01
2.539820183217166e-02 9.244244244244244e-01
2.560633532179626e-02 9.239239239239239e-01
2.581506621399030e-02 9.234234234234234e-01
2.602439604625350e-02 9.229229229229229e-01
2.623432635949750e-02 9.224224224224224e-01
2.644485869804978e-02 9.219219219219219e-01
2.665599460965665e-02 9.214214214214214e-01
2.686773564548690e-02 9.209209209209209e-01
2.708008336013527e-02 9.204204204204204e-01
2.729303931162546e-02 9.199199199199199e-01
2.750660506141386e-02 9.194194194194194e-01
2.772078217439243e-02 9.189189189189189e-01
2.793557221889218e-02 9.184184184184184e-01
2.815097676668646e-02 9.179179179179179e-01
2.836699739299379e-02 9.174174174174174e-01
2.858363567648150e-02 9.169169169169169e-01
2.880089319926835e-02 9.164164164164164e-01
2.901877154692791e-02 9.159159159159159e-01
2.923727230849160e-02 9.154154154154154e-01
2.945639707645149e-02 9.149149149149149e-01
2.967614744676356e-02 9.144144144144144e-01
2.989652501885036e-02 9.139139139139139e-01
3.011753139560405e-02 9.134134134134134e-01
3.033916818338936e-02 9.129129129129129e-01
3.056143699204613e-02 9.124124124124124e-01
3.078433943489247e-02 9.119119119119119e-01
3.100787712872717e-02 9.114114114114114e-01
3.123205169383253e-02 9.109109109109109e-01
3.145686475397726e-02 9.104104104104104e-01
3.168231793641867e-02 9.099099099099099e-01
3.190841287190576e-02 9.094094094094094e-01
3.213515119468132e-02 9.089089089089089e-01
3.236253454248472e-02 9.084084084084084e-01
3.259056455655442e-02 9.079079079079079e-01
3.281924288163015e-02 9.074074074074074e-01
3.304857116595562e-02 9.069069069069069e-01
3.327855106128056e-02 9.064064064064064e-01
3.350918422286322e-02 9.059059059059059e-01
3.374047230947270e-02 9.054054054054054e-01
3.397241698339089e-02 9.049049049049049e-01
3.420501991041502e-02 9.044044044044044e-01
3.443828275985949e-02 9.039039039039038e-01
3.467220720455799e-02 9.034034034034034e-01
3.490679492086590e-02 9.029029029029029e-01
3.514204758866171e-02 9.024024024024024e-01
3.537796689134953e-02 9.019019019019019e-01
3.561455451586067e-02 9.014014014014013e-01
3.585181215265554e-02 9.009009009009009e-01
3.608974149572566e-02 9.004004004004004e-01
3.632834424259512e-02 8.998998998998999e-01
3.656762209432268e-02 8.993993993993994e-01
3.680757675550302e-02 8.988988988988988e-01
3.704820993426870e-02 8.983983983983984e-01
3.728952334229165e-02 8.978978978978979e-01
3.753151869478452e-02 8.973973973973974e-01
3.777419771050251e-02 8.968968968968969e-01
3.801756211174442e-02 8.963963963963963e-01
3.826161362435412e-02 8.958958958958959e-01
3.850635397772225e-02 8.953953953953954e-01
3.875178490478681e-02 8.948948948948949e-01
3.899790814203508e-02 8.943943943943944e-01
3.924472542950425e-02 8.938938938938938e-01
3.949223851078273e-02 8.933933933933934e-01
3.974044913301140e-02 8.928928928928929e-01
3.998935904688422e-02 8.923923923923924e-01
4.023897000664960e-02 8.918918918918919e-01
4.048928377011093e-02 8.913913913913913e-01
4.074030209862754e-02 8.908908908908909e-01
4.099202675711575e-02 8.903903903903904e-01
4.124445951404907e-02 8.898898898898899e-01
4.149760214145944e-02 8.893893893893894e-01
4.175145641493733e-02 8.888888888888888e-01
4.200602411363258e-02 8.883883883883884e-01
4.226130702025498e-02 8.878878878878879e-01
4.251730692107430e-02 8.873873873873874e-01
4.277402560592120e-02 8.868868868868869e-01
4.303146486818706e-02 8.863863863863863e-01
4.328962650482444e-02 8.858858858858859e-01
4.354851231634742e-02 8.853853853853854e-01
4.380812410683141e-02 8.848848848848849e-01
4.406846368391348e-02 8.843843843843844e-01
4.432953285879228e-02 8.838838838838838e-01
4.459133344622776e-02 8.833833833833834e-01
4.485386726454155e-02 8.828828828828829e-01
4.511713613561621e-02 8.823823823823824e-01
4.538114188489542e-02 8.818818818818819e-01
4.564588634138336e-02 8.813813813813813e-01
4.591137133764434e-02 8.808808808808809e-01
4.617759870980273e-02 8.803803803803804e-01
4.644457029754182e-02 8.798798798798799e-01
4.671228794410380e-02 8.793793793793794e-01
4.698075349628875e-02 8.788788788788788e-01
4.724996880445392e-02 8.783783783783784e-01
4.751993572251326e-02 8.778778778778779e-01
4.779065610793611e-02 8.773773773773774e-01
4.806213182174662e-02 8.768768768768769e-01
4.833436472852252e-02 8.763763763763763e-01
4.860735669639399e-02 8.758758758758759e-01
4.888110959704289e-02 8.753753753753754e-01
4.915562530570099e-02 8.748748748748749e-01
4.943090570114916e-02 8.743743743743744e-01
4.970695266571559e-02 8.738738738738738e-01
4.998376808527451e-02 8.733733733733734e-01
5.026135384924485e-02 8.728728728728729e-01
5.053971185058821e-02 8.723723723723724e-01
5.081884398580763e-02 8.718718718718719e-01
5.109875215494541e-02 8.713713713713713e-01
5.137943826158153e-02 8.708708708708709e-01
5.166090421283182e-02 8.703703703703703e-01
5.194315191934554e-02 8.698698698698699e-01
5.222618329530385e-02 8.693693693693694e-01
5.251000025841719e-02 8.688688688688688e-01
5.279460472992317e-02 8.683683683683684e-01
5.307999863458455e-02 8.678678678678678e-01
5.336618390068627e-02 8.673673673673674e-01
5.365316246003354e-02 8.668668668668669e-01
5.394093624794878e-02 8.663663663663663e-01
5.422950720326924e-02 8.658658658658659e-01
5.451887726834431e-02 8.653653653653653e-01
5.480904838903228e-02 8.648648648648649e-01
5.510002251469806e-02 8.643643643643644e-01
5.539180159820953e-02 8.638638638638638e-01
5.568438759593480e-02 8.633633633633634e-01
5.597778246773908e-02 8.628628628628628e-01
5.627198817698108e-02 8.623623623623624e-01
5.656700669051008e-02 8.618618618618619e-01
5.686283997866207e-02 8.613613613613613e-01
5.715949001525632e-02 8.608608608608609e-01
5.745695877759206e-02 8.603603603603603e-01
5.775524824644412e-02 8.598598598598599e-01
5.805436040605987e-02 8.593593593593594e-01
5.835429724415452e-02 8.588588588588588e-01
5.865506075190759e-02 8.583583583583584e-01
5.895665292395880e-02 8.578578578578578e-01
5.925907575840354e-02 8.573573573573574e-01
5.956233125678891e-02 8.568568568568569e-01
5.986642142410908e-02 8.563563563563563e-01
6.017134826880077e-02 8.558558558558559e-01
6.047711380273894e-02 8.553553553553553e-01
6.078372004123164e-02 8.548548548548549e-01
6.109116900301568e-02 8.543543543543544e-01
6.139946271025126e-02 8.538538538538538e-01
6.170860318851715e-02 8.533533533533534e-01
6.201859246680578e-02 8.528528528528528e-01
6.232943257751761e-02 8.523523523523524e-01
6.264112555645625e-02 8.518518518518519e-01
6.295367344282253e-02 8.513513513513513e-01
6.326707827920933e-02 8.508508508508509e-01
6.358134211159590e-02 8.503503503503503e-01
6.389646698934173e-02 8.498498498498499e-01
6.421245496518140e-02 8.493493493493494e-01
6.452930809521781e-02 8.488488488488488e-01
6.484702843891645e-02 8.483483483483484e-01
6.516561805909944e-02 8.478478478478478e-01
6.548507902193874e-02 8.473473473473474e-01
6.580541339695019e-02 8.468468468468469e-01
6.612662325698646e-02 8.463463463463463e-01
6.644871067823070e-02 8.458458458458459e-01
6.677167774018997e-02 8.453453453453453e-01
6.709552652568779e-02 8.448448448448449e-01
6.742025912085776e-02 8.443443443443444e-01
6.774587761513590e-02 8.438438438438438e-01
6.807238410125352e-02 8.433433433433434e-01
6.839978067523032e-02 8.428428428428428e-01
6.872806943636618e-02 8.423423423423424e-01
6.905725248723420e-02 8.418418418418419e-01
6.938733193367246e-02 8.413413413413413e-01
6.971830988477631e-02 8.408408408408409e-01
7.005018845289078e-02 8.403403403403403e-01
7.038296975360182e-02 8.398398398398399e-01
7.071665590572861e-02 8.393393393393394e-01
7.105124903131485e-02 8.388388388388388e-01
7.138675125562030e-02 8.383383383383384e-01
7.172316470711260e-02 8.378378378378378e-01
7.206049151745776e-02 8.373373373373374e-01
7.239873382151203e-02 8.368368368368369e-01
7.273789375731242e-02 8.363363363363363e-01
7.307797346606754e-02 8.358358358358359e-01
7.341897509214873e-02 8.353353353353353e-01
7.376090078308012e-02 8.348348348348349e-01
7.410375268952964e-02 8.343343343343343e-01
7.444753296529878e-02 8.338338338338338e-01
7.479224376731297e-02 8.333333333333334e-01
7.513788725561202e-02 8.328328328328328e-01
7.548446559333916e-02 8.323323323323324e-01
7.583198094673174e-02 8.318318318318318e-01
7.618043548511010e-02 8.313313313313313e-01
7.652983138086737e-02 8.308308308308309e-01
7.688017080945900e-02 8.303303303303303e-01
7.723145594939126e-02 8.298298298298299e-01
7.758368898221124e-02 8.293293293293293e-01
7.793687209249488e-02 8.288288288288288e-01
7.829100746783597e-02 8.283283283283284e-01
7.864609729883525e-02 8.278278278278278e-01
7.900214377908793e-02 8.273273273273274e-01
7.935914910517296e-02 8.268268268268268e-01
7.971711547664029e-02 8.263263263263263e-01
8.007604509599948e-02 8.258258258258259e-01
8.043594016870736e-02 8.253253253253253e-01
8.079680290315548e-02 8.248248248248249e-01
8.115863551065805e-02 8.243243243243243e-01
8.152144020543896e-02 8.238238238238238e-01
8.188521920461901e-02 8.233233233233234e-01
8.224997472820342e-02 8.228228228228228e-01
8.261570899906789e-02 8.223223223223224e-01
8.298242424294630e-02 8.218218218218218e-01
8.335012268841643e-02 8.213213213213213e-01
8.371880656688674e-02 8.208208208208209e-01
8.408847811258287e-02 8.203203203203203e-01
8.445913956253305e-02 8.198198198198199e-01
8.483079315655478e-02 8.193193193193193e-01
8.520344113723990e-02 8.188188188188188e-01
8.557708574994050e-02 8.183183183183184e-01
8.595172924275435e-02 8.178178178178178e-01
8.632737386650992e-02 8.173173173173174e-01
8.670402187475174e-02 8.168168168168168e-01
8.708167552372492e-02 8.163163163163163e-01
8.746033707236019e-02 8.158158158158157e-01
8.784000878225806e-02 8.153153153153153e-01
8.822069291767372e-02 8.148148148148149e-01
8.860239174550087e-02 8.143143143143143e-01
8.898510753525549e-02 8.138138138138138e-01
8.936884255906014e-02 8.133133133133132e-01
8.975359909162729e-02 8.128128128128128e-01
9.013937941024300e-02 8.123123123123124e-01
9.052618579475014e-02 8.118118118118118e-01
9.091402052753117e-02 8.113113113113113e-01
9.130288589349141e-02 8.108108108108107e-01
9.169278418004151e-02 8.103103103103103e-01
9.208371767708030e-02 8.098098098098099e-01
9.247568867697688e-02 8.093093093093093e-01
9.286869947455277e-02 8.088088088088088e-01
9.326275236706376e-02 8.083083083083082e-01
9.365784965418193e-02 8.078078078078078e-01
9.405399363797715e-02 8.073073073073074e-01
9.445118662289853e-02 8.068068068068068e-01
9.484943091575511e-02 8.063063063063063e-01
9.524872882569742e-02 8.058058058058057e-01
9.564908266419783e-02 8.053053053053053e-01
9.605049474503166e-02 8.048048048048049e-01
9.645296738425709e-02 8.043043043043043e-01
9.685650290019518e-02 8.038038038038038e-01
9.726110361341042e-02 8.033033033033032e-01
9.766677184668994e-02 8.028028028028028e-01
9.807350992502356e-02 8.023023023023024e-01
9.848132017558278e-02 8.018018018018018e-01
9.889020492769995e-02 8.013013013013013e-01
9.930016651284723e-02 8.008008008008007e-01
9.971120726461526e-02 8.003003003003003e-01
1.001233295186919e-01 7.997997997997999e-01
1.005365356128405e-01 7.992992992992993e-01
1.009508278868774e-01 7.987987987987988e-01
1.013662086826503e-01 7.982982982982982e-01
1.017826803440159e-01 7.977977977977978e-01
1.022002452168170e-01 7.972972972972973e-01
1.026189056488600e-01 7.967967967967968e-01
1.030386639898919e-01 7.962962962962963e-01
1.034595225915765e-01 7.957957957957957e-01
1.038814838074715e-01 7.952952952952953e-01
1.043045499930047e-01 7.947947947947948e-01
1.047287235054496e-01 7.942942942942943e-01
1.051540067039020e-01 7.937937937937938e-01
1.055804019492550e-01 7.932932932932932e-01
1.060079116041742e-01 7.927927927927928e-01
1.064365380330739e-01 7.922922922922923e-01
1.068662836020906e-01 7.917917917917918e-01
1.072971506790588e-01 7.912912912912913e-01
1.077291416334847e-01 7.907907907907907e-01
1.081622588365208e-01 7.902902902902903e-01
1.085965046609396e-01 7.897897897897898e-01
1.090318814811075e-01 7.892892892892893e-01
1.094683916729581e-01 7.887887887887888e-01
1.099060376139655e-01 7.882882882882882e-01
1.103448216831171e-01 7.877877877877878e-01
1.107847462608868e-01 7.872872872872873e-01
1.112258137292067e-01 7.867867867867868e-01
1.116680264714402e-01 7.862862862862863e-01
1.121113868723531e-01 7.857857857857857e-01
1.125558973180859e-01 7.852852852852853e-01
1.130015601961254e-01 7.847847847847848e-01
1.134483778952750e-01 7.842842842842843e-01
1.138963528056267e-01 7.837837837837838e-01
1.143454873185311e-01 7.832832832832832e-01
1.147957838265681e-01 7.827827827827828e-01
1.152472447235171e-01 7.822822822822822e-01
1.156998724043265e-01 7.817817817817818e-01
1.161536692650841e-01 7.812812812812813e-01
1.166086377029856e-01 7.807807807807807e-01
1.170647801163041e-01 7.802802802802803e-01
1.175220989043593e-01 7.797797797797797e-01
1.179805964674852e-01 7.792792792792793e-01
1.184402752069992e-01 7.787787787787788e-01
1.189011375251695e-01 7.782782782782782e-01
1.193631858251831e-01 7.777777777777778e-01
1.198264225111135e-01 7.772772772772772e-01
1.202908499878873e-01 7.767767767767768e-01
1.207564706612515e-01 7.762762762762763e-01
1.212232869377401e-01 7.757757757757757e-01
1.216913012246402e-01 7.752752752752753e-01
1.221605159299583e-01 7.747747747747747e-01
1.226309334623857e-01 7.742742742742743e-01
1.231025562312645e-01 7.737737737737738e-01
1.235753866465522e-01 7.732732732732732e-01
1.240494271187869e-01 7.727727727727728e-01
1.245246800590519e-01 7.722722722722722e-01
1.250011478789397e-01 7.717717717717718e-01
1.254788329905168e-01 7.712712712712713e-01
1.259577378062860e-01 7.707707707707707e-01
1.264378647391511e-01 7.702702702702703e-01
1.269192162023795e-01 7.697697697697697e-01
1.274017946095649e-01 7.692692692692693e-01
1.278856023745899e-01 7.687687687687688e-01
1.283706419115882e-01 7.682682682682682e-01
1.288569156349064e-01 7.677677677677678e-01
1.293444259590657e-01 7.672672672672672e-01
1.298331752987228e-01 7.667667667667668e-01
1.303231660686316e-01 7.662662662662663e-01
1.308144006836029e-01 7.657657657657657e-01
1.313068815584653e-01 7.652652652652653e-01
1.318006111080250e-01 7.647647647647647e-01
1.322955917470253e-01 7.642642642642643e-01
1.327918258901068e-01 7.637637637637638e-01
1.332893159517652e-01 7.632632632632632e-01
1.337880643463104e-01 7.627627627627628e-01
1.342880734878258e-01 7.622622622622622e-01
1.347893457901249e-01 7.617617617617618e-01
1.352918836667103e-01 7.612612612612613e-01
1.357956895307301e-01 7.607607607607607e-01
1.363007657949354e-01 7.602602602602603e-01
1.368071148716375e-01 7.597597597597597e-01
1.373147391726631e-01 7.592592592592593e-01
1.378236411093114e-01 7.587587587587588e-01
1.383338230923094e-01 7.582582582582582e-01
1.388452875317670e-01 7.577577577577578e-01
1.393580368371329e-01 7.572572572572572e-01
1.398720734171480e-01 7.567567567567568e-01
1.403873996798010e-01 7.562562562562563e-01
1.409040180322815e-01 7.557557557557557e-01
1.414219308809339e-01 7.552552552552553e-01
1.419411406312109e-01 7.547547547547547e-01
1.424616496876260e-01 7.542542542542543e-01
1.429834604537066e-01 7.537537537537538e-01
1.435065753319455e-01 7.532532532532532e-01
1.440309967237534e-01 7.527527527527528e-01
1.445567270294104e-01 7.522522522522522e-01
1.450837686480164e-01 7.517517517517518e-01
1.456121239774426e-01 7.512512512512513e-01
1.461417954142817e-01 7.507507507507507e-01
1.466727853537977e-01 7.502502502502503e-01
1.472050961898761e-01 7.497497497497497e-01
1.477387303149722e-01 7.492492492492493e-01
1.482736901200612e-01 7.487487487487487e-01
1.488099779945860e-01 7.482482482482482e-01
1.493475963264055e-01 7.477477477477478e-01
1.498865475017426e-01 7.472472472472472e-01
1.504268339051312e-01 7.467467467467468e-01
1.509684579193638e-01 7.462462462462462e-01
1.515114219254374e-01 7.457457457457457e-01
1.520557283025004e-01 7.452452452452453e-01
1.526013794277984e-01 7.447447447447447e-01
1.531483776766190e-01 7.442442442442443e-01
1.536967254222382e-01 7.437437437437437e-01
1.542464250358634e-01 7.432432432432432e-01
1.547974788865789e-01 7.427427427427428e-01
1.553498893412899e-01 7.422422422422422e-01
1.559036587646650e-01 7.417417417417418e-01
1.564587895190804e-01 7.412412412412412e-01
1.570152839645617e-01 7.407407407407407e-01
1.575731444587264e-01 7.402402402402403e-01
1.581323733567269e-01 7.397397397397397e-01
1.586929730111901e-01 7.392392392392393e-01
1.592549457721600e-01 7.387387387387387e-01
1.598182939870375e-01 7.382382382382382e-01
1.603830200005212e-01 7.377377377377378e-01
1.609491261545467e-01 7.372372372372372e-01
1.615166147882264e-01 7.367367367367368e-01
1.620854882377889e-01 7.362362362362362e-01
1.626557488365163e-01 7.357357357357357e-01
1.632273989146835e-01 7.352352352352353e-01
1.638004407994958e-01 7.347347347347347e-01
1.643748768150255e-01 7.342342342342343e-01
1.649507092821497e-01 7.337337337337337e-01
1.655279405184862e-01 7.332332332332332e-01
1.661065728383293e-01 7.327327327327328e-01
1.666866085525864e-01 7.322322322322322e-01
1.672680499687115e-01 7.317317317317318e-01
1.678508993906420e-01 7.312312312312312e-01
1.684351591187311e-01 7.307307307307307e-01
1.690208314496822e-01 7.302302302302303e-01
1.696079186764834e-01 7.297297297297297e-01
1.701964230883387e-01 7.292292292292293e-01
1.707863469706017e-01 7.287287287287287e-01
1.713776926047071e-01 7.282282282282282e-01
1.719704622681025e-01 7.277277277277278e-01
1.725646582341798e-01 7.272272272272272e-01
1.731602827722051e-01 7.267267267267268e-01
1.737573381472501e-01 7.262262262262262e-01
1.743558266201208e-01 7.257257257257257e-01
1.749557504472875e-01 7.252252252252251e-01
1.755571118808130e-01 7.247247247247247e-01
1.761599131682821e-01 7.242242242242243e-01
1.767641565527285e-01 7.237237237237237e-01
1.773698442725629e-01 7.232232232232232e-01
1.779769785614992e-01 7.227227227227226e-01
1.785855616484822e-01 7.222222222222222e-01
1.791955957576126e-01 7.217217217217218e-01
1.798070831080734e-01 7.212212212212212e-01
1.804200259140545e-01 7.207207207207207e-01
1.810344263846772e-01 7.202202202202201e-01
1.816502867239189e-01 7.197197197197197e-01
1.822676091305363e-01 7.192192192192193e-01
1.828863957979893e-01 7.187187187187187e-01
1.835066489143626e-01 7.182182182182182e-01
1.841283706622886e-01 7.177177177177176e-01
1.847515632188691e-01 7.172172172172172e-01
1.853762287555964e-01 7.167167167167168e-01
1.860023694382746e-01 7.162162162162162e-01
1.866299874269388e-01 7.157157157157157e-01
1.872590848757755e-01 7.152152152152151e-01
1.878896639330419e-01 7.147147147147147e-01
1.885217267409846e-01 7.142142142142143e-01
1.891552754357578e-01 7.137137137137137e-01
1.897903121473409e-01 7.132132132132132e-01
1.904268389994561e-01 7.127127127127126e-01
1.910648581094845e-01 7.122122122122122e-01
1.917043715883836e-01 7.117117117117118e-01
1.923453815406016e-01 7.112112112112112e-01
1.929878900639935e-01 7.107107107107107e-01
1.936318992497353e-01 7.102102102102101e-01
1.942774111822385e-01 7.097097097097097e-01
1.949244279390639e-01 7.092092092092093e-01
1.955729515908347e-01 7.087087087087087e-01
1.962229842011481e-01 7.082082082082082e-01
1.968745278264893e-01 7.077077077077076e-01
1.975275845161411e-01 7.072072072072072e-01
1.981821563120969e-01 7.067067067067068e-01
1.988382452489697e-01 7.062062062062062e-01
1.994958533539028e-01 7.057057057057057e-01
2.001549826464789e-01 7.052052052052051e-01
2.008156351386292e-01 7.047047047047047e-01
2.014778128345424e-01 7.042042042042043e-01
2.021415177305719e-01 7.037037037037037e-01
2.028067518151428e-01 7.032032032032032e-01
2.034735170686595e-01 7.027027027027026e-01
2.041418154634114e-01 7.022022022022022e-01
2.048116489634790e-01 7.017017017017018e-01
2.054830195246392e-01 7.012012012012012e-01
2.061559290942686e-01 7.007007007007007e-01
2.068303796112497e-01 7.002002002002001e-01
2.075063730058723e-01 6.996996996996997e-01
2.081839111997381e-01 6.991991991991993e-01
2.088629961056624e-01 6.986986986986987e-01
2.095436296275757e-01 6.981981981981982e-01
2.102258136604256e-01 6.976976976976976e-01
2.109095500900770e-01 6.971971971971972e-01
2.115948407932130e-01 6.966966966966968e-01
2.122816876372340e-01 6.961961961961962e-01
2.129700924801565e-01 6.956956956956957e-01
2.136600571705124e-01 6.951951951951951e-01
2.143515835472462e-01 6.946946946946947e-01
2.150446734396129e-01 6.941941941941943e-01
2.157393286670750e-01 6.936936936936937e-01
2.164355510391973e-01 6.931931931931932e-01
2.171333423555446e-01 6.926926926926926e-01
2.178327044055752e-01 6.921921921921922e-01
2.185336389685362e-01 6.916916916916918e-01
2.192361478133577e-01 6.911911911911912e-01
2.199402326985449e-01 6.906906906906907e-01
2.206458953720723e-01 6.901901901901901e-01
2.213531375712751e-01 6.896896896896897e-01
2.220619610227410e-01 6.891891891891893e-01
2.227723674422017e-01 6.886886886886887e-01
2.234843585344228e-01 6.881881881881882e-01
2.241979359930931e-01 6.876876876876876e-01
2.249131015007156e-01 6.871871871871872e-01
2.256298567284948e-01 6.866866866866868e-01
2.263482033362257e-01 6.861861861861862e-01
2.270681429721800e-01 6.856856856856857e-01
2.277896772729945e-01 6.851851851851851e-01
2.285128078635567e-01 6.846846846846847e-01
2.292375363568906e-01 6.841841841841843e-01
2.299638643540422e-01 6.836836836836837e-01
2.306917934439635e-01 6.831831831831832e-01
2.314213252033967e-01 6.826826826826826e-01
2.321524611967574e-01 6.821821821821822e-01
2.328852029760182e-01 6.816816816816818e-01
2.336195520805896e-01 6.811811811811812e-01
2.343555100372023e-01 6.806806806806807e-01
2.350930783597880e-01 6.801801801801801e-01
2.358322585493594e-01 6.796796796796797e-01
2.365730520938904e-01 6.791791791791792e-01
2.373154604681958e-01 6.786786786786787e-01
2.380594851338078e-01 6.781781781781782e-01
2.388051275388561e-01 6.776776776776776e-01
2.395523891179436e-01 6.771771771771772e-01
2.403012712920246e-01 6.766766766766767e-01
2.410517754682795e-01 6.761761761761762e-01
2.418039030399908e-01 6.756756756756757e-01
2.425576553864181e-01 6.751751751751751e-01
2.433130338726718e-01 6.746746746746747e-01
2.440700398495876e-01 6.741741741741742e-01
2.448286746535990e-01 6.736736736736737e-01
2.455889396066092e-01 6.731731731731732e-01
2.463508360158636e-01 6.726726726726726e-01
2.471143651738204e-01 6.721721721721722e-01
2.478795283580217e-01 6.716716716716717e-01
2.486463268309632e-01 6.711711711711712e-01
2.494147618399629e-01 6.706706706706707e-01
2.501848346170305e-01 6.701701701701701e-01
2.509565463787348e-01 6.696696696696697e-01
2.517298983260720e-01 6.691691691691692e-01
2.525048916443317e-01 6.686686686686687e-01
2.532815275029630e-01 6.681681681681682e-01
2.540598070554405e-01 6.676676676676676e-01
2.548397314391290e-01 6.671671671671672e-01
2.556213017751478e-01 6.666666666666667e-01
2.564045191682346e-01 6.661661661661662e-01
2.571893847066081e-01 6.656656656656657e-01
2.579758994618299e-01 6.651651651651651e-01
2.587640644886678e-01 6.646646646646647e-01
2.595538808249557e-01 6.641641641641642e-01
2.603453494914544e-01 6.636636636636637e-01
2.611384714917118e-01 6.631631631631631e-01
2.619332478119213e-01 6.626626626626626e-01
2.627296794207813e-01 6.621621621621622e-01
2.635277672693530e-01 6.616616616616617e-01
2.643275122909174e-01 6.611611611611612e-01
2.651289154008324e-01 6.606606606606606e-01
2.659319774963882e-01 6.601601601601601e-01
2.667366994566636e-01 6.596596596596597e-01
2.675430821423805e-01 6.591591591591592e-01
2.683511263957581e-01 6.586586586586587e-01
2.691608330403664e-01 6.581581581581581e-01
2.699722028809785e-01 6.576576576576576e-01
2.707852367034242e-01 6.571571571571572e-01
2.715999352744408e-01 6.566566566566567e-01
2.724162993415243e-01 6.561561561561562e-01
2.732343296327796e-01 6.556556556556556e-01
2.740540268567705e-01 6.551551551551551e-01
2.748753917023687e-01 6.546546546546547e-01
2.756984248386025e-01 6.541541541541542e-01
2.765231269145046e-01 6.536536536536537e-01
2.773494985589590e-01 6.531531531531531e-01
2.781775403805477e-01 6.526526526526526e-01
2.790072529673969e-01 6.521521521521522e-01
2.798386368870225e-01 6.516516516516517e-01
2.806716926861745e-01 6.511511511511512e-01
2.815064208906808e-01 6.506506506506506e-01
2.823428220052912e-01 6.501501501501501e-01
2.831808965135195e-01 6.496496496496497e-01
2.840206448774868e-01 6.491491491491492e-01
2.848620675377624e-01 6.486486486486487e-01
2.857051649132044e-01 6.481481481481481e-01
2.865499374008002e-01 6.476476476476476e-01
2.873963853755067e-01 6.471471471471472e-01
2.882445091900890e-01 6.466466466466467e-01
2.890943091749588e-01 6.461461461461462e-01
2.899457856380119e-01 6.456456456456456e-01
2.907989388644662e-01 6.451451451451451e-01
2.916537691166972e-01 6.446446446446447e-01
2.925102766340750e-01 6.441441441441442e-01
2.933684616327992e-01 6.436436436436437e-01
2.942283243057331e-01 6.431431431431431e-01
2.950898648222384e-01 6.426426426426426e-01
2.959530833280083e-01 6.421421421421422e-01
2.968179799449010e-01 6.416416416416417e-01
2.976845547707713e-01 6.411411411411412e-01
2.985528078793023e-01 6.406406406406406e-01
2.994227393198363e-01 6.401401401401401e-01
3.002943491172057e-01 6.396396396396397e-01
3.011676372715623e-01 6.391391391391392e-01
3.020426037582072e-01 6.386386386386387e-01
3.029192485274183e-01 6.381381381381381e-01
3.037975715042790e-01 6.376376376376376e-01
3.046775725885051e-01 6.371371371371372e-01
3.055592516542727e-01 6.366366366366367e-01
3.064426085500429e-01 6.361361361361362e-01
3.073276430983881e-01 6.356356356356356e-01
3.082143550958170e-01 6.351351351351351e-01
3.091027443125984e-01 6.346346346346347e-01
3.099928104925863e-01 6.341341341341342e-01
3.108845533530419e-01 6.336336336336337e-01
3.117779725844563e-01 6.331331331331331e-01
3.126730678503728e-01 6.326326326326326e-01
3.135698387872084e-01 6.321321321321322e-01
3.144682850040749e-01 6.316316316316316e-01
3.153684060825983e-01 6.311311311311312e-01
3.162702015767395e-01 6.306306306306306e-01
3.171736710126126e-01 6.301301301301301e-01
3.180788138883036e-01 6.296296296296297e-01
3.189856296736895e-01 6.291291291291291e-01
3.198941178102535e-01 6.286286286286287e-01
3.208042777109043e-01 6.281281281281281e-01
3.217161087597902e-01 6.276276276276276e-01
3.226296103121165e-01 6.271271271271271e-01
3.235447816939594e-01 6.266266266266266e-01
3.244616222020816e-01 6.261261261261262e-01
3.253801311037460e-01 6.256256256256256e-01
3.263003076365285e-01 6.251251251251251e-01
3.272221510081318e-01 6.246246246246246e-01
3.281456603961978e-01 6.241241241241241e-01
3.290708349481189e-01 6.236236236236237e-01
3.299976737808502e-01 6.231231231231231e-01
3.309261759807189e-01 6.226226226226226e-01
3.318563406032360e-01 6.221221221221221e-01
3.327881666729054e-01 6.216216216216216e-01
3.337216531830327e-01 6.211211211211212e-01
3.346567990955353e-01 6.206206206206206e-01
3.355936033407484e-01 6.201201201201201e-01
3.365320648172346e-01 6.196196196196196e-01
3.374721823915903e-01 6.191191191191191e-01
3.384139548982519e-01 6.186186186186187e-01
3.393573811393031e-01 6.181181181181181e-01
3.403024598842791e-01 6.176176176176176e-01
3.412491898699728e-01 6.171171171171171e-01
3.421975698002393e-01 6.166166166166166e-01
3.431475983457992e-01 6.161161161161162e-01
3.440992741440439e-01 6.156156156156156e-01
3.450525957988372e-01 6.151151151151151e-01
3.460075618803186e-01 6.146146146146146e-01
3.469641709247059e-01 6.141141141141141e-01
3.479224214340967e-01 6.136136136136137e-01
3.488823118762698e-01 6.131131131131131e-01
3.498438406844859e-01 6.126126126126126e-01
3.508070062572877e-01 6.121121121121121e-01
3.517718069583012e-01 6.116116116116116e-01
3.527382411160336e-01 6.111111111111112e-01
3.537063070236731e-01 6.106106106106106e-01
3.546760029388882e-01 6.101101101101101e-01
3.556473270836243e-01 6.096096096096096e-01
3.566202776439034e-01 6.091091091091091e-01
3.575948527696197e-01 6.086086086086087e-01
3.585710505743382e-01 6.081081081081081e-01
3.595488691350900e-01 6.076076076076076e-01
3.605283064921685e-01 6.071071071071071e-01
3.615093606489270e-01 6.066066066066066e-01
3.624920295715710e-01 6.061061061061062e-01
3.634763111889561e-01 6.056056056056056e-01
3.644622033923803e-01 6.051051051051051e-01
3.654497040353800e-01 6.046046046046046e-01
3.664388109335230e-01 6.041041041041041e-01
3.674295218642015e-01 6.036036036036037e-01
3.684218345664267e-01 6.031031031031031e-01
3.694157467406203e-01 6.026026026026026e-01
3.704112560484067e-01 6.021021021021021e-01
3.714083601124073e-01 6.016016016016016e-01
3.724070565160289e-01 6.011011011011012e-01
3.734073428032586e-01 6.006006006006006e-01
3.744092164784521e-01 6.001001001001001e-01
3.754126750061261e-01 5.995995995995996e-01
3.764177158107488e-01 5.990990990990991e-01
3.774243362765285e-01 5.985985985985987e-01
3.784325337472064e-01 5.980980980980981e-01
3.794423055258430e-01 5.975975975975976e-01
3.804536488746098e-01 5.970970970970970e-01
3.814665610145768e-01 5.965965965965966e-01
3.824810391255030e-01 5.960960960960962e-01
3.834970803456235e-01 5.955955955955956e-01
3.845146817714382e-01 5.950950950950951e-01
3.855338404574999e-01 5.945945945945945e-01
3.865545534162022e-01 5.940940940940941e-01
3.875768176175673e-01 5.935935935935936e-01
3.886006299890331e-01 5.930930930930931e-01
3.896259874152402e-01 5.925925925925926e-01
3.906528867378189e-01 5.920920920920920e-01
3.916813247551763e-01 5.915915915915916e-01
3.927112982222825e-01 5.910910910910911e-01
3.937428038504580e-01 5.905905905905906e-01
3.947758383071580e-01 5.900900900900901e-01
3.958103982157599e-01 5.895895895895895e-01
3.968464801553489e-01 5.890890890890891e-01
3.978840806605040e-01 5.885885885885886e-01
3.989231962210831e-01 5.880880880880881e-01
3.999638232820085e-01 5.875875875875876e-01
4.010059582430527e-01 5.870870870870870e-01
4.020495974586232e-01 5.865865865865866e-01
4.030947372375484e-01 5.860860860860861e-01
4.041413738428618e-01 5.855855855855856e-01
4.051895034915875e-01 5.850850850850851e-01
4.062391223545246e-01 5.845845845845845e-01
4.072902265560327e-01 5.840840840840841e-01
4.083428121738162e-01 5.835835835835836e-01
4.093968752387097e-01 5.830830830830831e-01
4.104524117344616e-01 5.825825825825826e-01
4.115094175975195e-01 5.820820820820820e-01
4.125678887168146e-01 5.815815815815816e-01
4.136278209335472e-01 5.810810810810811e-01
4.146892100409700e-01 5.805805805805806e-01
4.157520517841736e-01 5.800800800800801e-01
4.168163418598710e-01 5.795795795795795e-01
4.178820759161821e-01 5.790790790790791e-01
4.189492495524193e-01 5.785785785785786e-01
4.200178583188715e-01 5.780780780780781e-01
4.210878977165890e-01 5.775775775775776e-01
4.221593631971688e-01 5.770770770770770e-01
4.232322501625394e-01 5.765765765765766e-01
4.243065539647466e-01 5.760760760760761e-01
4.253822699057387e-01 5.755755755755756e-01
4.264593932371503e-01 5.750750750750750e-01
4.275379191600897e-01 5.745745745745745e-01
4.286178428249239e-01 5.740740740740741e-01
4.296991593310644e-01 5.735735735735736e-01
4.307818637267534e-01 5.730730730730731e-01
4.318659510088496e-01 5.725725725725725e-01
4.329514161226148e-01 5.720720720720720e-01
4.340382539615000e-01 5.715715715715716e-01
4.351264593669337e-01 5.710710710710711e-01
4.362160271281075e-01 5.705705705705706e-01
4.373069519817629e-01 5.700700700700700e-01
4.383992286119806e-01 5.695695695695695e-01
4.394928516499664e-01 5.690690690690691e-01
4.405878156738408e-01 5.685685685685686e-01
4.416841152084270e-01 5.680680680680681e-01
4.427817447250386e-01 5.675675675675675e-01
4.438806986412693e-01 5.670670670670670e-01
4.449809713207817e-01 5.665665665665666e-01
4.460825570730986e-01 5.660660660660661e-01
4.471854501533907e-01 5.655655655655656e-01
4.482896447622682e-01 5.650650650650650e-01
4.493951350455712e-01 5.645645645645645e-01
4.505019150941614e-01 5.640640640640641e-01
4.516099789437125e-01 5.635635635635636e-01
4.527193205745045e-01 5.630630630630631e-01
4.538299339112126e-01 5.625625625625625e-01
4.549418128227030e-01 5.620620620620620e-01
4.560549511218251e-01 5.615615615615616e-01
4.571693425652053e-01 5.610610610610611e-01
4.582849808530425e-01 5.605605605605606e-01
4.594018596289001e-01 5.600600600600600e-01
4.605199724795045e-01 5.595595595595595e-01
4.616393129345391e-01 5.590590590590591e-01
4.627598744664415e-01 5.585585585585586e-01
4.638816504902006e-01 5.580580580580581e-01
4.650046343631529e-01 5.575575575575575e-01
4.661288193847830e-01 5.570570570570570e-01
4.672541987965195e-01 5.565565565565566e-01
4.683807657815375e-01 5.560560560560561e-01
4.695085134645574e-01 5.555555555555556e-01
4.706374349116441e-01 5.550550550550550e-01
4.717675231300105e-01 5.545545545545545e-01
4.728987710678192e-01 5.540540540540541e-01
4.740311716139847e-01 5.535535535535536e-01
4.751647175979781e-01 5.530530530530531e-01
4.762994017896298e-01 5.525525525525525e-01
4.774352168989354e-01 5.520520520520520e-01
4.785721555758619e-01 5.515515515515516e-01
4.797102104101538e-01 5.510510510510511e-01
4.808493739311415e-01 5.505505505505506e-01
4.819896386075472e-01 5.500500500500500e-01
4.831309968472968e-01 5.495495495495495e-01
4.842734409973277e-01 5.490490490490491e-01
4.854169633434011e-01 5.485485485485486e-01
4.865615561099137e-01 5.480480480480481e-01
4.877072114597086e-01 5.475475475475475e-01
4.888539214938907e-01 5.470470470470470e-01
4.900016782516402e-01 5.465465465465466e-01
4.911504737100290e-01 5.460460460460461e-01
4.923002997838368e-01 5.455455455455456e-01
4.934511483253670e-01 5.450450450450450e-01
4.946030111242678e-01 5.445445445445445e-01
4.957558799073497e-01 5.440440440440441e-01
4.969097463384074e-01 5.435435435435436e-01
4.980646020180401e-01 5.430430430430431e-01
4.992204384834757e-01 5.425425425425425e-01
5.003772472083931e-01 5.420420420420420e-01
5.015350196027474e-01 5.415415415415415e-01
5.026937470125979e-01 5.410410410410411e-01
5.038534207199336e-01 5.405405405405406e-01
5.050140319425012e-01 5.400400400400400e-01
5.061755718336355e-01 5.395395395395395e-01
5.073380314820910e-01 5.390390390390390e-01
5.085014019118729e-01 5.385385385385386e-01
5.096656740820716e-01 5.380380380380381e-01
5.108308388866950e-01 5.375375375375375e-01
5.119968871545073e-01 5.370370370370370e-01
5.131638096488648e-01 5.365365365365365e-01
5.143315970675542e-01 5.360360360360361e-01
5.155002400426337e-01 5.355355355355356e-01
5.166697291402736e-01 5.350350350350350e-01
5.178400548605991e-01 5.345345345345345e-01
5.190112076375335e-01 5.340340340340340e-01
5.201831778386463e-01 5.335335335335336e-01
5.213559557649985e-01 5.330330330330331e-01
5.225295316509907e-01 5.325325325325325e-01
5.237038956642138e-01 5.320320320320320e-01
5.248790379053009e-01 5.315315315315315e-01
5.260549484077801e-01 5.310310310310311e-01
5.272316171379295e-01 5.305305305305306e-01
5.284090339946326e-01 5.300300300300300e-01
5.295871888092359e-01 5.295295295295295e-01
5.307660713454102e-01 5.290290290290290e-01
5.319456712990100e-01 5.285285285285286e-01
5.331259782979376e-01 5.280280280280281e-01
5.343069819020060e-01 5.275275275275275e-01
5.354886716028064e-01 5.270270270270270e-01
5.366710368235750e-01 5.265265265265265e-01
5.378540669190642e-01 5.260260260260261e-01
5.390377511754133e-01 5.255255255255256e-01
5.402220788100208e-01 5.250250250250250e-01
5.414070389714208e-01 5.245245245245245e-01
5.425926207391590e-01 5.240240240240240e-01
5.437788131236720e-01 5.235235235235236e-01
5.449656050661690e-01 5.230230230230231e-01
5.461529854385115e-01 5.225225225225225e-01
5.473409430431002e-01 5.220220220220220e-01
5.485294666127608e-01 5.215215215215215e-01
5.497185448106324e-01 5.210210210210211e-01
5.509081662300579e-01 5.205205205205206e-01
5.520983193944761e-01 5.200200200200200e-01
5.532889927573171e-01 5.195195195195195e-01
5.544801747018971e-01 5.190190190190190e-01
5.556718535413201e-01 5.185185185185186e-01
5.568640175183751e-01 5.180180180180181e-01
5.580566548054418e-01 5.175175175175175e-01
5.592497535043933e-01 5.170170170170170e-01
5.604433016465054e-01 5.165165165165165e-01
5.616372871923644e-01 5.160160160160161e-01
5.628316980317812e-01 5.155155155155156e-01
5.640265219837012e-01 5.150150150150150e-01
5.652217467961239e-01 5.145145145145145e-01
5.664173601460205e-01 5.140140140140140e-01
5.676133496392540e-01 5.135135135135136e-01
5.688097028105034e-01 5.130130130130131e-01
5.700064071231876e-01 5.125125125125125e-01
5.712034499693950e-01 5.120120120120120e-01
5.724008186698123e-01 5.115115115115115e-01
5.735985004736598e-01 5.110110110110111e-01
5.747964825586228e-01 5.105105105105106e-01
5.759947520307929e-01 5.100100100100100e-01
5.771932959246059e-01 5.095095095095095e-01
5.783921012027852e-01 5.090090090090090e-01
5.795911547562874e-01 5.085085085085086e-01
5.807904434042510e-01 5.080080080080080e-01
5.819899538939443e-01 5.075075075075075e-01
5.831896729007211e-01 5.070070070070070e-01
5.843895870279748e-01 5.065065065065065e-01
5.855896828070984e-01 5.060060060060061e-01
5.867899466974441e-01 5.055055055055055e-01
5.879903650862883e-01 5.050050050050050e-01
5.891909242887976e-01 5.045045045045045e-01
5.903916105479977e-01 5.040040040040040e-01
5.915924100347482e-01 5.035035035035035e-01
5.927933088477131e-01 5.030030030030030e-01
5.939942930133437e-01 5.025025025025025e-01
5.951953484858560e-01 5.020020020020020e-01
5.963964611472146e-01 5.015015015015015e-01
5.975976168071208e-01 5.010010010010010e-01
5.987988012030012e-01 5.005005005005005e-01
6.000000000000001e-01 5.000000000000000e-01
6.000000000000001e-01 0.000000000000000e+00
1.000000000000000e+00 0.000000000000000e+00
